Epoch	AverageEpRet	StdEpRet	MaxEpRet	MinEpRet	AverageTestEpRet	StdTestEpRet	MaxTestEpRet	MinTestEpRet	EpLen	TestEpLen	TotalEnvInteracts	AverageQ1Vals	StdQ1Vals	MaxQ1Vals	MinQ1Vals	AverageQ2Vals	StdQ2Vals	MaxQ2Vals	MinQ2Vals	LossPi	LossQ	Time	sigma	CStage
1	-14.019097	13.076649	10.0	-39.254284	-6.8063884	9.492974	10.0	-24.930677	56.95714	47.25	3999	-1.128838	1.209268	11.31721	-12.497478	-1.1288918	1.2081127	11.289885	-12.416126	0.9081792	0.2991464	55.08889198303223	0.015083596420262645	wbDS
2	-13.411819	12.895845	10.0	-41.173294	-6.447099	8.886574	10.0	-26.796934	59.53731	59.54	7999	-1.1602987	2.3402834	14.559138	-12.713578	-1.1601349	2.3410923	13.982869	-12.542447	0.7637065	0.32611737	127.03533720970154	0.012850760976762295	wbDS
3	-9.29507	12.320839	10.0	-38.4327	-6.4306273	10.981591	10.0	-29.106695	60.166668	49.77	11999	0.051800583	3.0247989	16.52244	-13.95932	0.051908426	3.0250885	17.131697	-15.296595	-0.5899007	0.5466376	199.14875078201294	0.010313938681778807	wbDS
4	-6.8073115	10.129346	10.0	-35.71572	-3.7622015	9.182706	10.0	-23.372215	63.460316	54.43	15999	1.016649	3.0134451	15.960318	-15.00318	1.0167776	3.0138493	16.165157	-14.743562	-1.4694097	0.7031355	272.2029311656952	0.010510738111171392	wbDS
5	-3.683793	8.629327	10.0	-18.456448	-4.162429	8.802025	10.0	-21.353615	59.35294	55.89	19999	1.6205761	3.0496373	16.359098	-16.113802	1.6207544	3.051028	15.929763	-16.207115	-2.088559	0.7732571	345.32865715026855	0.009505728367869956	wbDS
6	-4.179338	8.787203	10.0	-19.140116	-3.8200672	7.59801	10.0	-19.190092	58.115944	60.02	23999	1.7057767	3.0687861	16.848494	-16.366003	1.7059656	3.069017	16.148726	-15.994988	-2.0917509	0.87559545	418.5574984550476	0.008596815071216481	wbDS
7	-3.2433136	8.194927	10.0	-18.144999	-2.3113315	8.279578	10.0	-18.778215	57.130436	56.86	27999	1.3803887	3.041977	15.869246	-16.571728	1.380732	3.0420976	15.889112	-16.181145	-1.7140825	0.8701334	492.8095407485962	0.008419004846948446	wbDS
8	-3.8105643	9.250606	10.0	-23.254118	-4.345534	8.558859	10.0	-23.183264	55.59722	52.76	31999	1.0448163	2.9385788	15.3698	-15.989582	1.0450816	2.939778	15.068884	-16.732512	-1.3832141	0.86992306	568.0173940658569	0.008082415762260759	wbDS
9	-3.127268	9.082406	10.0	-20.593893	-1.1565627	8.287698	10.0	-19.800522	56.40278	59.83	35999	0.60870224	2.8775132	14.702894	-19.06161	0.6089152	2.88085	14.586617	-18.22457	-0.93832606	0.90780634	643.1768152713776	0.008074341420839919	wbDS
10	-1.276414	8.810756	10.0	-19.464252	-0.28234482	8.682569	10.0	-22.967163	60.584614	60.47	39999	0.20528944	2.8082438	14.867129	-17.480392	0.20546038	2.8123102	14.909394	-17.229094	-0.522937	0.9060772	719.0161476135254	0.007598796067250676	wbDS
11	-2.1990144	9.724566	10.0	-22.475567	-4.834731	8.188838	10.0	-24.277435	56.394367	62.69	43999	-0.0682793	2.8543239	18.94482	-18.555895	-0.06799728	2.860707	18.160545	-19.66292	-0.25466862	0.93260694	794.2765898704529	0.008058216928765459	wbDS
12	-1.2470837	9.3371525	10.0	-18.83438	-3.89854	9.052577	10.0	-21.994896	57.768116	61.99	47999	-0.19288167	2.9655573	18.531616	-18.137943	-0.19275749	2.970841	18.561775	-18.35488	-0.12669513	1.014173	874.6043512821198	0.007736052028094199	wbDS
13	-0.90235263	8.525516	10.0	-21.202019	-3.1199777	8.50901	10.0	-22.002232	57.985714	59.27	51999	-0.29926223	3.024307	17.877262	-17.711317	-0.29909098	3.0285714	17.459234	-18.92656	-0.03228472	1.0225369	953.0283415317535	0.007426767175719234	wbDS
14	0.075052194	8.775901	10.0	-19.949364	-3.1719668	8.413604	10.0	-22.46106	54.12162	61.43	55999	-0.34142363	3.1204937	16.62908	-19.004658	-0.34140745	3.1246462	16.143938	-20.621832	0.013830168	1.1086799	1030.6959326267242	0.007720603101288522	wbDS
15	-2.8898025	9.075007	10.0	-23.846994	-4.51853	8.398513	10.0	-20.901243	64.59677	63.4	59999	-0.35959905	3.1735733	17.150515	-20.102337	-0.3593432	3.1775723	16.660664	-19.05119	0.030932	1.129118	1109.6033868789673	0.006982378891067621	sbDS
16	-1.883315	8.385088	10.0	-21.540874	-4.7570105	8.896414	10.0	-24.211893	56.585712	59.43	63999	-0.48805436	3.1840699	16.132122	-20.262274	-0.48791525	3.1882665	16.870132	-21.22672	0.16354471	1.2124192	1187.900960445404	0.007258632840543776	sbDS
17	-4.260352	8.471234	10.0	-23.22235	-4.104625	8.852625	10.0	-22.497517	57.84058	53.26	67999	-0.704386	3.2181938	14.90232	-20.359583	-0.70428205	3.221898	15.0354185	-19.787075	0.3909515	1.3094158	1265.0669939517975	0.0072513814590846925	sbDS
18	-3.888047	9.555155	10.0	-34.885265	-4.272884	8.794005	10.0	-20.90169	64.66129	55.89	71999	-0.9552207	3.2406156	15.709633	-19.989496	-0.95497954	3.244586	14.273554	-18.92542	0.6326623	1.3490659	1343.216670513153	0.007389744481930365	sbDS
19	-3.0561082	9.325261	10.0	-27.114119	-4.169286	8.997519	10.0	-26.276361	55.26389	61.44	75999	-1.2068777	3.3055363	15.654136	-19.759254	-1.2066605	3.3100688	15.373452	-19.280624	0.89490324	1.4333606	1421.9813170433044	0.007382362119810555	sbDS
20	-4.8511086	7.71716	10.0	-20.768932	-3.7456934	8.446573	10.0	-25.697952	64.8871	62.24	79999	-1.5043194	3.3702953	16.505089	-19.847307	-1.5040863	3.3758082	16.218868	-18.340376	1.204007	1.5192745	1500.3932280540466	0.007374987132677877	sbDS
21	-3.2263007	7.7942557	10.0	-19.370632	-0.8	8.084554	10.0	-10.0	67.28333	155.9	83999	-1.7321678	3.4443026	18.371151	-19.472025	-1.7320541	3.4489968	18.187878	-19.96201	1.4397248	1.5756904	1581.5803003311157	0.00722244830228871	sbDS
22	-4.6625533	8.065287	10.0	-24.498856	-2.4	8.014985	10.0	-10.0	61.78125	143.99	87999	-1.9430673	3.498201	17.911562	-17.595396	-1.9428959	3.5031471	17.425123	-18.224957	1.6418957	1.6531264	1659.3530938625336	0.007360259253910804	sbDS
23	-2.6953974	7.760757	10.0	-19.898743	-2.2	7.6915536	10.0	-10.0	64.30645	155.9	91999	-2.1812863	3.456858	17.125874	-18.910309	-2.1811647	3.4618285	17.07428	-19.048244	1.8644353	1.6664642	1739.783262014389	0.007500699765149263	sbDS
24	-2.8233669	8.623679	10.0	-23.935184	-1.8	8.986657	10.0	-10.0	57.57143	113.6	95999	-2.3615875	3.4602034	17.181625	-18.27481	-2.361342	3.4645534	17.868006	-17.88969	2.0718307	1.7175325	1815.7484817504883	0.007643820010418346	sbDS
25	-1.3103263	8.960552	10.0	-19.052528	-0.4	8.475848	10.0	-10.0	58.101448	140.33	99999	-2.5304193	3.500531	20.26965	-18.10681	-2.5304625	3.505183	19.63073	-18.01407	2.2535648	1.757146	1895.1329147815704	0.007051887647648266	sbDS
26	-1.3355209	6.611332	10.0	-18.034824	-0.5	7.3993244	10.0	-10.0	67.830505	175.16	103999	-2.661965	3.5173657	17.004347	-18.027506	-2.6618843	3.5223436	17.37966	-17.198505	2.3710952	1.7926005	1976.2586143016815	0.00793830520584268	sbDS
27	-0.32671878	7.3478675	10.0	-10.0	0.4	8.357033	10.0	-10.0	58.867645	148.42	107999	-2.7442007	3.514499	16.466644	-18.496792	-2.7441761	3.519397	16.762772	-18.104511	2.467419	1.8298371	2056.076134443283	0.007323568104435278	sbDS
28	-2.0833673	7.8897996	10.0	-17.900536	-1.3	8.325263	10.0	-10.0	63.38095	144.49	111999	-2.7974222	3.5252612	17.138447	-17.792366	-2.7972543	3.5293899	17.540903	-17.210482	2.5062678	1.8563628	2134.3838098049164	0.007463308514819609	sbDS
29	-1.8284624	7.8921833	10.0	-20.088732	-0.9	7.758221	10.0	-10.0	60.81818	171.05	115999	-2.8723633	3.5076976	17.554106	-17.30169	-2.8723674	3.513013	17.91866	-17.25334	2.5939913	1.8674132	2216.240752220154	0.007164927859693191	sbDS
30	-2.5215726	7.813664	10.0	-20.549295	-1.1	7.986864	10.0	-10.0	70.51786	154.86	119999	-2.9583852	3.5148876	18.714493	-16.185629	-2.9582438	3.5197687	20.209341	-16.90948	2.6861022	1.8739101	2297.0151793956757	0.0071577700896035875	sbP
31	-2.857143	6.281384	10.0	-10.0	0.1	7.936624	10.0	-10.0	188.57143	166.45	123999	-3.0046418	3.5048528	17.303848	-16.71731	-3.0045943	3.5086956	17.44122	-17.150778	2.7368646	1.8548124	2377.91584444046	0.007009724017384036	sbP
32	0.37037036	8.811391	10.0	-10.0	-0.1	7.5491724	10.0	-10.0	149.40741	170.41	127999	-3.0849874	3.4734967	17.143597	-16.964102	-3.0849357	3.4766867	17.218586	-16.639067	2.8044336	1.8390282	2459.047325849533	0.007433529764840113	sbP
33	-0.45454547	7.6736107	10.0	-10.0	-1.0	7.5498343	10.0	-10.0	175.95454	165.1	131999	-3.1050866	3.4698598	17.073395	-17.631487	-3.105004	3.4742565	16.621258	-16.380983	2.8174987	1.8088552	2540.631203889847	0.007136339654484835	sbP
34	0.8	7.44043	10.0	-10.0	-0.1	8.061638	10.0	-10.0	160.12	155.36	135999	-3.1305437	3.471166	17.022472	-15.934776	-3.1304047	3.474499	18.083601	-15.486751	2.8651323	1.8016365	2621.897803068161	0.007129210444040796	sbP
35	1.3043479	6.791521	10.0	-10.0	-0.9	7.361386	10.0	-10.0	176.17392	166.51	139999	-3.154179	3.4840965	17.382992	-16.411936	-3.1540675	3.4862125	20.151957	-16.442606	2.880723	1.7992297	2703.586344242096	0.007867216376823279	sbP
36	1.1538461	7.5073934	10.0	-10.0	-0.2	8.243786	10.0	-10.0	152.15384	151.51	143999	-3.1714587	3.4824054	18.743057	-16.666386	-3.1713352	3.486377	18.594738	-16.095827	2.8991265	1.7879038	2782.693122625351	0.00740386983266757	sbP
37	-1.2	7.6524506	10.0	-10.0	0.6	7.7226934	10.0	-10.0	157.8	164.83	147999	-3.2486582	3.4679573	18.093706	-18.150948	-3.2486284	3.4716718	16.971066	-16.730076	2.973355	1.7782373	2863.1625850200653	0.007250733613673425	sbP
38	1.9230769	7.348067	10.0	-10.0	-0.2	7.345747	10.0	-10.0	160.11539	173.52	151999	-3.304141	3.4211771	16.834728	-17.458702	-3.3039913	3.425099	17.550325	-17.44441	3.0380502	1.7588503	2946.3973727226257	0.00768911072682752	sbP
39	-1.3333334	8.844333	10.0	-10.0	0.7	6.205642	10.0	-10.0	132.43333	199.44	155999	-3.345651	3.4274254	18.266623	-16.554468	-3.3457181	3.4314578	18.605898	-16.13511	3.0795186	1.726314	3031.688451766968	0.007681429297529991	sbP
40	0.0	6.488857	10.0	-10.0	-1.1	7.8606615	10.0	-10.0	203.89473	166.46	159999	-3.346578	3.4285994	21.29859	-16.7561	-3.3464503	3.4314575	21.517086	-16.060328	3.0820074	1.7651314	3114.358848810196	0.007673755541988003	sbP
41	0.625	8.637671	10.0	-10.0	-1.1	7.6019735	10.0	-10.0	131.34375	169.61	163999	-3.3971732	3.381256	19.048733	-16.229906	-3.3971407	3.3851435	18.524036	-16.080912	3.1383188	1.7186341	3197.43555021286	0.0076660894525354675	sbP
42	0.4347826	7.5055118	10.0	-10.0	-1.2	7.7820306	10.0	-10.0	173.17392	158.91	167999	-3.4323757	3.3507366	18.40742	-16.436768	-3.4322846	3.3548827	18.499842	-16.31975	3.1711018	1.7000332	3279.1219232082367	0.007507529675045539	sbP
43	0.8333333	7.592028	10.0	-10.0	-2.4	8.616263	10.0	-10.0	163.95833	139.61	171999	-3.4413662	3.3274333	18.21876	-17.573965	-3.4412065	3.3315256	18.89945	-17.174158	3.183695	1.6656308	3360.641498565674	0.007352249431820548	sbP
44	0.32258064	8.974469	10.0	-10.0	-0.7	7.9063272	10.0	-10.0	128.3871	165.22	175999	-3.4923894	3.2772853	18.48823	-17.565582	-3.4923673	3.281074	17.512138	-17.156408	3.239606	1.6018833	3443.1685655117035	0.007643137104168516	sbP
45	-0.37037036	8.380525	10.0	-10.0	-0.2	7.6131463	10.0	-10.0	151.62962	160.32	179999	-3.5000372	3.2885098	18.164505	-18.066242	-3.4999843	3.2903469	17.807333	-16.984266	3.2420564	1.651414	3524.979634284973	0.007337566960332922	sbP
46	1.6	7.838367	10.0	-10.0	-0.7	7.517314	10.0	-10.0	156.44	158.55	183999	-3.4699407	3.2666526	19.874805	-17.259554	-3.4697728	3.2708068	19.31854	-17.365143	3.2260365	1.6203349	3607.218743085861	0.0076278737288371125	sbP
47	-2.2222223	7.856742	10.0	-10.0	-0.1	7.4155245	10.0	-10.0	150.25926	167.33	187999	-3.4614723	3.2461698	21.73425	-16.923883	-3.4614463	3.2490516	21.723999	-16.522778	3.2106428	1.6093626	3691.399393796921	0.007929666323677876	sbP
48	-0.7692308	7.8068395	10.0	-10.0	-1.0	7.6811457	10.0	-10.0	151.42308	169.6	191999	-3.480735	3.237255	18.916536	-17.057158	-3.4806826	3.240873	18.848	-17.30264	3.2335722	1.5761328	3773.7271802425385	0.007315598211587927	sbP
49	-2.9629629	7.6083846	10.0	-10.0	0.0	7.483315	10.0	-10.0	144.48148	169.5	195999	-3.535674	3.2105389	18.56063	-16.88387	-3.535509	3.2145371	19.631088	-16.965199	3.304816	1.5564754	3856.9793932437897	0.007164287738129852	sbP
50	0.0	6.172134	10.0	-10.0	1.2	7.909488	10.0	-10.0	191.4762	154.72	199999	-3.570218	3.2012403	18.9835	-17.275011	-3.5701003	3.2039747	19.720938	-17.378916	3.3294263	1.5738163	3938.209420442581	0.007300988932733531	sbP
51	-0.45454547	6.3798494	10.0	-10.0	0.8	6.8818607	10.0	-10.0	188.90909	183.14	203999	-3.6026404	3.166988	19.375324	-16.669151	-3.6025069	3.1707027	19.591322	-16.026232	3.3771138	1.5485235	4019.7858250141144	0.007293695237496035	sbP
52	0.3846154	8.539847	10.0	-10.0	-0.3	7.804486	10.0	-10.0	147.38461	154.54	207999	-3.6417484	3.1332667	20.962528	-16.56189	-3.6416998	3.1369367	19.814026	-16.750105	3.409203	1.5319256	4099.986676454544	0.007890136660070107	sbP
53	0.0	7.3379936	10.0	-10.0	-1.5	7.5332594	10.0	-10.0	159.5	168.68	211999	-3.6633873	3.1181612	19.280529	-16.162437	-3.6633115	3.1221201	20.417585	-16.639053	3.4361937	1.4814094	4180.202666044235	0.007574691554056612	sbP
54	1.1111112	8.314795	10.0	-10.0	-0.1	7.5491724	10.0	-10.0	149.59259	183.23	215999	-3.6832757	3.1060903	18.69931	-15.541066	-3.683131	3.1093044	18.418947	-16.118393	3.4559052	1.4816692	4261.630526781082	0.007719223630662489	sbP
55	0.0	8.164966	10.0	-10.0	1.1	7.0562024	10.0	-10.0	149.37038	173.28	219999	-3.6830618	3.0886388	19.651567	-15.902993	-3.6830142	3.0910614	20.577969	-16.515907	3.4599857	1.4600476	4343.435887098312	0.007559564864762226	sbP
56	0.8	7.9598994	10.0	-10.0	-0.6	7.0455656	10.0	-10.0	157.84	176.31	223999	-3.6679277	3.078638	18.3501	-15.356729	-3.667829	3.0824356	18.555553	-15.611221	3.4467127	1.441884	4429.502601146698	0.007858654857269411	sbP
57	0.90909094	6.6804256	10.0	-10.0	0.2	8.243785	10.0	-10.0	178.09091	142.12	227999	-3.6936162	3.0538788	21.40804	-16.452845	-3.6935704	3.0571427	21.012896	-15.694157	3.4833486	1.4145013	4512.496184825897	0.00754446838352679	sbP
58	1.3043479	7.4040813	10.0	-10.0	-0.1	7.279423	10.0	-10.0	175.13043	169.76	231999	-3.740052	3.0288591	19.209644	-16.279505	-3.7400675	3.0316844	19.188967	-15.543322	3.5246665	1.3927402	4595.181282043457	0.007688423774261417	sbP
59	1.9230769	7.8540688	10.0	-10.0	1.4	7.485987	10.0	-10.0	152.34616	165.87	235999	-3.7488956	2.999866	19.405266	-16.063438	-3.7487311	3.002094	19.457575	-15.693204	3.540233	1.400655	4679.487197637558	0.007680743031230188	sbP
60	-2.3076923	7.994081	10.0	-10.0	1.9	7.5756183	10.0	-10.0	152.34616	163.49	239999	-3.7828753	2.95712	22.22133	-16.649118	-3.7828844	2.9610658	22.122797	-16.272415	3.5825198	1.3757082	4762.846972703934	0.007827298667490426	sbP
61	-1.1538461	8.003328	10.0	-10.0	1.3	7.1631	10.0	-10.0	156.76923	172.51	243999	-3.7859159	2.960736	20.30695	-15.638438	-3.7857308	2.964121	19.97025	-16.156466	3.581062	1.3518766	4848.450967311859	0.007819479188302125	sbP
62	0.41666666	7.8947062	10.0	-10.0	0.6	7.9774675	10.0	-10.0	169.625	163.35	247999	-3.772476	2.9519527	20.377188	-15.880725	-3.7725143	2.9557965	19.620691	-15.812379	3.5722864	1.3670276	4930.388996362686	0.0076577468099023075	sbP
63	-0.45454547	7.6736107	10.0	-10.0	1.2	7.386474	10.0	-10.0	179.45454	170.21	251999	-3.7905014	2.9235	19.283066	-15.381226	-3.7903557	2.9264	19.820055	-15.4441185	3.5939507	1.3524433	5012.302210569382	0.007351592574767339	sbP
64	2.5	7.2168784	10.0	-10.0	0.8	7.573639	10.0	-10.0	169.79167	170.61	255999	-3.7831397	2.9415944	18.611004	-15.914732	-3.7831435	2.946047	19.624321	-16.379105	3.59122	1.3379228	5094.687710523605	0.007952768548084336	sbP
65	0.0	7.8446455	10.0	-10.0	1.6	7.1721683	10.0	-10.0	154.23077	172.3	259999	-3.7913034	2.9211545	18.555227	-16.308535	-3.7911808	2.9241798	19.638323	-16.36181	3.5974483	1.3539114	5178.02627325058	0.007484383334467897	sbP
66	0.0	8.451543	10.0	-10.0	0.6	6.902173	10.0	-10.0	142.28572	174.68	263999	-3.7832334	2.911062	20.041788	-15.053998	-3.78322	2.9136634	20.208359	-16.2535	3.5973976	1.3101864	5263.1393892765045	0.007627192247243457	sbP
67	2.6086957	6.7356234	10.0	-10.0	2.4	7.4993324	10.0	-10.0	172.69565	170.66	267999	-3.8107562	2.8614817	21.462412	-16.459862	-3.8105733	2.8646288	21.755106	-15.597508	3.6258323	1.3083987	5347.145438909531	0.007469436991048808	sbP
68	1.8181819	7.158189	10.0	-10.0	2.4	6.3435006	10.0	-10.0	183.59091	176.99	271999	-3.8153713	2.84764	22.782696	-15.641374	-3.8153214	2.8497317	24.47604	-15.595823	3.6308022	1.3046954	5431.128325462341	0.007611960713855035	sbP
69	1.0526316	6.402908	10.0	-10.0	-0.3	7.273926	10.0	-10.0	199.78947	171.36	275999	-3.8376164	2.8127944	20.67381	-15.83245	-3.8374631	2.815617	20.055147	-15.3801	3.645632	1.2608833	5514.502402305603	0.007913123719080933	sbP
70	1.7391304	7.010659	10.0	-10.0	-0.3	7.543872	10.0	-10.0	175.04347	166.35	279999	-3.8258266	2.7847483	18.725471	-15.023889	-3.8257155	2.7880015	18.225386	-15.772096	3.6447477	1.2621222	5597.338385343552	0.007749454465817424	sbP
71	0.5882353	5.391266	10.0	-10.0	-0.9	7.2242646	10.0	-10.0	232.05882	182.18	283999	-3.8037143	2.7823637	17.911615	-16.98235	-3.8036716	2.7856805	18.802835	-16.41922	3.6250253	1.2500929	5681.87367606163	0.007897321179400953	sbP
72	-1.3636364	6.938335	10.0	-10.0	0.8	7.573639	10.0	-10.0	185.54546	170.79	287999	-3.7913175	2.7675166	21.096437	-16.120436	-3.7911391	2.7701986	19.213692	-15.65854	3.617169	1.22075	5764.4268181324005	0.007733978774290069	sbP
73	-0.6896552	8.275862	10.0	-10.0	0.8	7.833263	10.0	-10.0	141.51724	170.23	291999	-3.7698112	2.7753758	18.615393	-15.844707	-3.7697854	2.777875	18.27751	-15.491673	3.5876577	1.2190742	5848.984372138977	0.007881550197455844	sbP
74	1.0714285	8.167569	10.0	-10.0	1.0	6.8556547	10.0	-10.0	141.92857	184.94	295999	-3.7637422	2.7811246	16.489077	-16.181498	-3.7635872	2.7851582	17.168907	-16.47914	3.5883608	1.2157047	5935.490969419479	0.007873676520934911	sbP
75	1.4285715	7.8895435	10.0	-10.0	1.2	7.909488	10.0	-10.0	145.14285	161.39	299999	-3.7736762	2.7741108	17.168268	-16.069416	-3.7735815	2.7775161	17.050102	-15.676562	3.5936098	1.2137333	6020.418882369995	0.008023913505500203	sbP
76	1.3043479	7.4040813	10.0	-10.0	0.5	6.98212	10.0	-10.0	174.13043	178.77	303999	-3.7395253	2.7598531	17.640917	-16.708183	-3.7394478	2.7617078	18.095697	-15.59788	3.5666668	1.2093301	6105.569746494293	0.008015897607892312	sbP
77	0.0	7.223151	10.0	-10.0	3.0	7.81025	10.0	-10.0	173.69565	149.22	307999	-3.7145638	2.7339172	18.960548	-15.547989	-3.714506	2.7367764	17.38269	-15.753773	3.5480654	1.1894155	6188.9373297691345	0.007543794353447098	sbP
78	2.5	7.2168784	10.0	-10.0	0.9	7.361386	10.0	-10.0	162.41667	176.93	311999	-3.718525	2.711935	16.425165	-15.788042	-3.7182887	2.715797	16.661547	-16.151419	3.5553486	1.1825857	6274.661504983902	0.008324717434934846	sbP
79	2.8	7.222188	10.0	-10.0	0.4	7.337575	10.0	-10.0	158.56	173.02	315999	-3.7180085	2.6600373	18.462524	-17.405508	-3.7180417	2.6637905	17.220457	-16.903185	3.5491984	1.1250811	6359.215143442154	0.007834425968449544	sbP
80	0.41666666	7.3479967	10.0	-10.0	1.4	7.6183987	10.0	-10.0	172.25	156.47	319999	-3.7079914	2.6502266	17.123264	-15.829127	-3.7078478	2.6523163	16.09848	-16.565435	3.5468023	1.1400979	6441.666462898254	0.007826599369080464	sbP
81	1.3636364	6.938335	10.0	-10.0	2.2	6.2577953	10.0	-10.0	181.27272	181.49	323999	-3.6734126	2.666759	17.607122	-16.87669	-3.673426	2.6699867	17.26852	-15.501514	3.5087383	1.1390117	6523.84637928009	0.00797593807832066	sbP
82	3.5714285	7.178483	10.0	-10.0	1.7	6.9361377	10.0	-10.0	136.39285	173.86	327999	-3.6452432	2.669604	16.17908	-16.581377	-3.6451259	2.6722624	17.296637	-15.848294	3.474373	1.1310716	6604.2718851566315	0.00829150164616601	sbP
83	3.9130435	5.70212	10.0	-10.0	1.3	6.4272857	10.0	-10.0	182.86957	192.02	331999	-3.6566048	2.6295073	18.615131	-17.579372	-3.6565025	2.6334555	16.272058	-15.939724	3.4868152	1.1293452	6686.981147289276	0.008120006301086434	sbP
84	3.2	7.332121	10.0	-10.0	1.8	6.690292	10.0	-10.0	152.8	178.34	335999	-3.6457133	2.609926	15.937668	-15.852297	-3.6455977	2.612835	17.359907	-15.453215	3.4851267	1.1049081	6769.130845546722	0.007795371081339342	sbP
85	1.9047619	5.8708706	10.0	-10.0	3.1	7.0278015	10.0	-10.0	195.95238	166.88	339999	-3.6122057	2.6038592	16.69842	-16.197569	-3.6121802	2.6062708	17.302013	-15.731283	3.4468663	1.1073818	6850.198531389236	0.007944113926148116	sbP
86	4.1666665	6.400955	10.0	-10.0	1.0	7.5498343	10.0	-10.0	159.95833	160.12	343999	-3.5769606	2.6038234	17.711792	-16.194906	-3.5768335	2.6073961	17.027855	-15.918811	3.4115229	1.1090466	6930.291342496872	0.007779803694147354	sbP
87	-0.41666666	7.3479967	10.0	-10.0	0.6	6.902173	10.0	-10.0	170.70833	178.19	347999	-3.5681746	2.5946887	20.011175	-17.063587	-3.5682063	2.5974293	17.846045	-15.604782	3.4075704	1.087852	7011.706254482269	0.008087607313828724	sbP
88	2.8	7.222188	10.0	-10.0	1.4	7.073896	10.0	-10.0	161.68	174.81	351999	-3.5490534	2.5669582	18.660606	-16.253656	-3.548924	2.5691063	18.24783	-15.572379	3.3906493	1.0825554	7092.516990661621	0.007920329169731087	sbP
89	0.5882353	4.159452	10.0	-10.0	2.3	6.760917	10.0	-10.0	237.64706	175.74	355999	-3.5287561	2.5672626	17.727074	-15.802627	-3.5287344	2.569748	16.04649	-14.990341	3.3731964	1.0590435	7173.181665420532	0.00791241675297811	sbP
90	5.0	5.838742	10.0	-10.0	2.3	7.050532	10.0	-10.0	175.54546	175.98	359999	-3.5074415	2.5550878	19.191685	-15.28802	-3.5073798	2.5585663	17.421722	-15.510864	3.3503888	1.0932581	7257.023228883743	0.0082254671348054	sbP
91	0.8695652	7.170619	10.0	-10.0	2.9	6.3710275	10.0	-10.0	180.65218	184.67	363999	-3.489596	2.5546665	17.553234	-16.059597	-3.489509	2.5571067	17.295322	-15.7627945	3.3306465	1.0594187	7341.37606215477	0.0077410211009825165	sbP
92	1.3043479	6.791521	10.0	-10.0	2.4	6.6513147	10.0	-10.0	175.47826	183.45	367999	-3.459789	2.544621	17.363995	-15.605137	-3.4597437	2.5487041	17.454964	-15.356721	3.3025467	1.0463833	7423.713072538376	0.008047290308868155	sbP
93	2.173913	7.196933	10.0	-10.0	1.5	6.22495	10.0	-10.0	173.56522	191.33	371999	-3.4323318	2.526761	16.898863	-15.922493	-3.4323294	2.530432	17.19983	-15.5032	3.2775373	1.0146998	7510.562982559204	0.008200840004072334	sbP
94	2.5	7.2168784	10.0	-10.0	2.6	6.102459	10.0	-10.0	157.41667	177.36	375999	-3.403195	2.5498748	17.548483	-15.121792	-3.403059	2.5525842	17.08055	-15.0203285	3.2519648	1.0309986	7594.972086191177	0.00787297307908281	sbP
95	0.0	7.071068	10.0	-10.0	1.5	6.837397	10.0	-10.0	170.70833	176.36	379999	-3.4026787	2.5064569	17.601078	-16.155495	-3.4026594	2.5085833	18.622353	-15.092529	3.2587314	1.0100162	7677.303122282028	0.008023196641331045	sbP
96	3.1818182	6.3147473	10.0	-10.0	2.8	7.359347	10.0	-10.0	187.0	158.54	383999	-3.3913229	2.5113864	16.23275	-15.54456	-3.391135	2.5150647	16.542068	-16.038435	3.2407348	0.99533415	7758.744903326035	0.008015181459871176	sbP
97	1.0	6.244998	10.0	-10.0	1.4	6.9310894	10.0	-10.0	201.15	164.51	387999	-3.382555	2.505682	19.449732	-16.381363	-3.382547	2.50925	18.052242	-15.624144	3.2413762	1.0204298	7839.584410190582	0.00769473710329599	sbP
98	5.0	5.7735023	10.0	-10.0	1.7	6.17333	10.0	-10.0	157.91667	185.45	391999	-3.35979	2.510127	19.161436	-16.762487	-3.3596656	2.5128055	19.286013	-15.31145	3.2177398	1.0150744	7921.95216178894	0.008159958530195667	sbP
99	3.75	6.332785	10.0	-10.0	2.3	6.760917	10.0	-10.0	171.375	179.42	395999	-3.3270268	2.525138	16.394766	-16.933819	-3.3270788	2.5276582	16.270243	-15.532101	3.1852953	1.0051423	8003.956378221512	0.007528056742045084	sbP
100	0.95238096	6.0982137	10.0	-10.0	1.4	6.327717	10.0	-10.0	191.14285	187.32	399999	-3.3099115	2.5047152	17.138294	-15.913195	-3.3098114	2.5068445	15.80285	-15.470344	3.16619	0.99476665	8087.37211060524	0.00864466243833212	sbP
