Epoch	AverageEpRet	StdEpRet	MaxEpRet	MinEpRet	AverageTestEpRet	StdTestEpRet	MaxTestEpRet	MinTestEpRet	EpLen	TestEpLen	TotalEnvInteracts	AverageQ1Vals	StdQ1Vals	MaxQ1Vals	MinQ1Vals	AverageQ2Vals	StdQ2Vals	MaxQ2Vals	MinQ2Vals	LossPi	LossQ	Time	sigma
1	-17.413921	9.682522	-0.04518938	-45.006077	-29.709358	18.334572	7.015484	-62.069035	172.18182	187.68	3999	-0.74079883	0.7422747	1.0465671	-11.684286	-0.7407847	0.742258	1.1147861	-11.638361	0.6298744	0.1339856	64.85123205184937	0.02431816749398534
2	-12.932897	11.296988	9.827201	-35.412468	-22.003407	18.933458	9.668366	-53.473602	166.2	178.67	7999	-0.6486402	0.97893155	11.030216	-12.341045	-0.6486222	0.9795645	10.893533	-12.288094	0.49090588	0.107195266	143.22909140586853	0.014771618363268587
3	-14.7734995	12.904558	9.22204	-36.445377	-11.29562	9.557349	9.556329	-28.751663	172.95653	138.24	11999	-0.44371486	1.2069955	12.570357	-12.646116	-0.443688	1.205926	13.390129	-12.476061	0.26881692	0.1452168	220.2664840221405	0.01258496525214057
4	-11.296832	13.906033	9.541546	-41.810856	-11.549307	12.832843	9.452547	-40.162323	149.7037	154.55	15999	-0.2086797	1.5318767	14.275197	-13.990949	-0.2087498	1.5316755	13.914014	-12.904494	0.038302228	0.21929908	297.5447356700897	0.012081822420885435
5	-10.132765	7.776542	8.933292	-26.667704	-7.216797	9.093841	9.504252	-19.085138	151.3077	141.86	19999	0.03986682	1.965487	14.579653	-13.30234	0.03992021	1.9671439	14.478265	-13.654264	-0.2539399	0.36298287	374.2899601459503	0.010926589636907876
6	-5.4016957	10.165877	9.9269285	-22.70204	-7.260934	9.362565	9.549739	-24.780712	141.03448	131.67	23999	0.5658663	2.3563302	15.314704	-14.276405	0.5659284	2.3577952	14.944351	-13.656365	-0.8703077	0.482209	451.03470969200134	0.010283058646380676
7	-7.9331975	9.126353	9.589377	-20.084013	-8.010481	9.14755	10.0	-25.75209	135.55173	161.24	27999	1.0862926	2.7895925	16.208023	-13.898934	1.0863408	2.7909474	16.711561	-13.726202	-1.3997889	0.56364244	529.7147161960602	0.009871945295040863
8	-4.7903185	9.95437	9.526356	-18.901737	-6.062774	8.8293085	9.452411	-21.5479	176.81818	161.47	31999	1.353406	2.971425	16.221796	-15.294825	1.353422	2.9727921	16.61446	-15.93998	-1.6339945	0.5388177	607.9490268230438	0.008244872319082198
9	-8.143182	9.296702	8.976053	-22.844694	-11.079087	11.291185	9.872059	-34.391193	172.04167	195.32	35999	1.4105141	3.0286536	17.41184	-17.127108	1.4105495	3.0297964	17.642748	-16.806068	-1.6583766	0.5151834	686.4876227378845	0.008402192060635116
10	-5.037906	12.643291	9.527949	-39.209896	-6.900034	10.109855	9.349626	-31.15407	148.03847	166.29	39999	1.3080161	3.008993	17.991516	-16.456434	1.3081192	3.0102112	17.797932	-16.304678	-1.5332203	0.5102377	764.1700811386108	0.007907337658753281
11	-3.5852358	9.64566	9.565959	-17.57686	-6.528673	10.408507	9.592448	-30.676006	121.117645	142.55	43999	1.0491997	2.861144	16.052242	-15.021365	1.0491842	2.8617995	15.539087	-14.819839	-1.2680886	0.5082689	841.3426868915558	0.00789943822053275
12	-6.627605	9.543323	9.525396	-19.150473	-4.425999	10.621761	10.0	-28.928696	145.35715	128.89	47999	0.72939545	2.7729685	14.351057	-14.801122	0.7294623	2.7743595	14.436953	-14.856284	-0.93164665	0.516002	917.7971892356873	0.007736052028094199
13	-8.250714	9.121524	8.7396555	-19.107609	-7.257112	8.717753	9.439443	-24.153778	142.78572	177.26	51999	0.40430036	2.7678986	15.740355	-16.311092	0.40431044	2.7686484	14.720346	-16.182585	-0.60354406	0.5473794	996.7199096679688	0.008042124637366092
14	-4.7330785	9.7281275	9.72117	-17.9096	-5.665523	8.216076	10.0	-17.829063	153.6923	160.84	55999	-0.02729657	2.7019818	14.59667	-15.991354	-0.027301528	2.7030327	15.183864	-16.014585	-0.15996958	0.5295013	1075.1046845912933	0.007720603101288526
15	-8.040078	9.801661	8.939325	-26.631884	-3.2957897	9.105553	9.909037	-21.446993	158.5	157.64	59999	-0.43101427	2.6461291	15.442164	-17.352606	-0.4308896	2.6481276	15.798226	-16.271553	0.25140625	0.54265016	1153.5485627651215	0.00802606448233694
16	-4.2048097	9.593417	9.455802	-19.561766	-5.1980224	10.136113	9.615477	-21.785685	138.55173	140.8	63999	-0.81236327	2.5560286	17.156937	-16.314327	-0.8123975	2.5581193	17.001719	-15.948876	0.6478153	0.56469464	1228.9405617713928	0.0077051850260513996
17	-5.6116395	10.619789	9.339432	-22.35358	-7.1464887	8.768627	9.704211	-23.09147	137.9	172.38	67999	-1.1379554	2.5549443	16.489334	-15.691623	-1.1379141	2.5565593	16.996279	-15.737062	0.9712355	0.5876354	1307.2971847057343	0.007545816624363187
18	-7.369203	9.15599	7.948798	-25.741335	-1.1974621	9.102253	10.0	-22.552292	176.73914	142.5	71999	-1.4196327	2.5792387	16.011707	-15.0294895	-1.4195659	2.580185	16.25977	-15.157361	1.2605046	0.5931442	1385.309353351593	0.007538278346017171
19	-6.5255337	9.1842165	9.453018	-18.437704	-7.8329144	8.993301	9.176694	-21.542782	143.37038	141.64	75999	-1.6924975	2.5908387	16.16581	-15.928171	-1.6923326	2.5931141	16.342766	-15.594821	1.5331112	0.6138871	1463.9077620506287	0.00738236211981056
20	-4.9194245	9.395412	9.40982	-16.71871	-5.0067964	9.677485	9.914333	-19.843294	128.78125	138.21	79999	-1.9259101	2.6538084	15.570729	-15.76559	-1.9258738	2.6553087	15.680888	-16.05487	1.7572424	0.6499047	1539.8858580589294	0.007828697451760664
21	-4.749218	9.32731	9.436296	-16.126421	-4.062411	9.406645	10.0	-18.357368	140.85715	138.09	83999	-2.119907	2.716251	18.02762	-15.388059	-2.1198864	2.7171707	17.653645	-15.178928	1.9473693	0.6633049	1617.5184481143951	0.007666774409553455
22	-2.5976343	8.73913	9.66487	-16.415289	-5.646232	8.796847	10.0	-25.6681	160.88	167.26	87999	-2.3187046	2.7393272	18.86738	-14.68735	-2.318578	2.7409575	18.305832	-15.042179	2.155285	0.7055694	1696.5011954307556	0.008293724355567154
23	-3.6700842	9.806906	9.2247095	-19.872816	-3.3680096	10.0222025	9.569236	-25.60284	127.666664	154.0	91999	-2.5091078	2.7627604	22.123562	-15.730186	-2.5090733	2.765127	21.02953	-15.95763	2.3453526	0.7288237	1773.7111146450043	0.007651463830428763
24	-3.096681	9.597004	9.619958	-17.34712	-6.424342	9.010047	9.32796	-29.202414	160.53847	187.28	95999	-2.6994011	2.7895558	18.970133	-15.050683	-2.6993115	2.7916546	18.24554	-14.442492	2.545708	0.75065243	1853.9111454486847	0.008786373992605621
25	-5.2233295	10.670283	10.0	-25.983	-2.8931391	9.822135	9.587925	-24.27593	175.69565	125.95	99999	-2.8375428	2.7877266	19.566679	-14.438777	-2.8375082	2.7897723	18.834965	-14.131707	2.6796186	0.7465309	1930.9687976837158	0.007485720837752918
26	-2.4806743	9.559044	9.907585	-16.377956	-2.6444666	10.063236	10.0	-20.030142	117.382355	122.38	103999	-2.9465876	2.8217967	17.73715	-14.704786	-2.9465134	2.8233805	18.905659	-14.7830715	2.7866998	0.74894273	2008.0416841506958	0.007628555271320432
27	-3.0853608	9.1117935	8.856185	-24.015852	-3.143548	9.333826	9.416684	-21.662113	171.17392	133.9	107999	-3.02573	2.8518429	20.394518	-14.713617	-3.025667	2.8536806	19.999434	-15.437759	2.8680084	0.74213564	2085.252954721451	0.007470771823334429
28	-0.5298398	8.932577	9.808802	-16.055372	-2.7325616	8.923026	9.323792	-19.868343	143.0	153.5	111999	-3.0860639	2.8844872	20.501255	-14.642008	-3.0860043	2.8863704	20.582367	-15.245804	2.9285507	0.74944574	2161.8865699768066	0.007463308514819609
29	-5.052078	9.0128565	9.389567	-16.460457	-4.490816	9.633268	9.756463	-27.288988	142.0	163.59	115999	-3.1396194	2.8918717	22.373299	-14.77956	-3.139578	2.8944418	21.057938	-14.806236	2.991013	0.75365955	2239.7178597450256	0.00775859017821022
30	-0.18579142	8.823383	9.498781	-15.670774	-3.9573016	9.560797	10.0	-22.416904	153.96153	146.53	119999	-3.241611	2.8708026	20.592861	-15.139539	-3.2415702	2.8724954	19.191595	-14.672431	3.0862622	0.7961549	2316.40131688118	0.008065554496895276
31	-4.9650445	8.564542	9.364074	-15.478274	-3.221679	8.955022	9.235853	-17.190928	152.34616	154.31	123999	-3.3007605	2.8857088	21.169008	-14.3214245	-3.3006418	2.8880572	20.036673	-14.919278	3.1515849	0.8090514	2392.9092988967896	0.007898732477105559
32	-3.766272	8.74422	9.596432	-16.325964	-1.8906696	9.297938	9.918568	-21.065273	150.48148	146.61	127999	-3.3799224	2.852111	19.707596	-14.312064	-3.3799028	2.8541174	17.71258	-15.089918	3.2310698	0.8025868	2470.621416091919	0.007890841635470089
33	-2.7492776	9.541939	9.397183	-18.233364	-1.7315383	8.82036	10.0	-20.165648	153.11539	157.78	131999	-3.4377704	2.841565	17.326319	-14.017682	-3.437614	2.8446248	17.7455	-14.743764	3.2968442	0.8217421	2549.1130888462067	0.008041406146196844
34	-2.2472925	8.84944	9.735687	-15.6361	-4.568325	8.865386	9.981831	-22.638601	162.75	172.55	135999	-3.4707434	2.8428774	20.912178	-14.700948	-3.4707172	2.8446486	19.208023	-14.686505	3.3242364	0.80311525	2629.472724676132	0.007875083593200098
35	-5.202418	9.257305	9.337967	-16.75598	-2.6821346	8.716288	10.0	-17.901821	139.7931	156.11	139999	-3.5003538	2.8448255	17.785158	-13.710429	-3.5002494	2.8468852	17.255812	-13.910497	3.3578947	0.8077844	2706.8226776123047	0.008025347425997425
36	-3.1457403	10.397418	9.7961445	-15.578106	-2.4017267	9.172113	10.0	-22.585896	114.70588	149.4	143999	-3.5145328	2.871719	17.615406	-14.020909	-3.5144641	2.8735871	17.477507	-14.1541605	3.367246	0.80736315	2784.0394444465637	0.008178478430829144
37	0.6868029	8.295176	8.922277	-12.84895	-4.747677	9.110841	9.768856	-21.720737	131.80646	159.08	147999	-3.509996	2.926703	17.066761	-14.1261425	-3.5099473	2.9284873	17.638874	-14.213017	3.3609574	0.8288137	2862.146665096283	0.007696799837554341
38	-3.4025815	9.820605	9.781767	-16.83962	-2.0522096	8.6289835	9.85806	-15.729967	140.10715	153.49	151999	-3.492931	2.9794934	18.224485	-14.782262	-3.4929254	2.9811962	17.813906	-14.495592	3.3394556	0.84992844	2938.0047955513	0.008001319455670727
39	-3.0092587	8.329757	9.580616	-14.511857	-2.8489697	9.263605	9.546867	-19.952393	150.5	149.58	155999	-3.5077784	2.9944673	17.875273	-15.232726	-3.5077465	2.9961522	18.605728	-15.468413	3.3647916	0.85762596	3015.3092336654663	0.007835826026410338
40	-4.385413	8.938317	8.963803	-18.185085	-4.7401032	8.862324	9.735819	-19.663628	140.17857	159.2	159999	-3.5486934	2.977687	17.43847	-14.443763	-3.5486796	2.9803615	16.796463	-14.903501	3.404495	0.8532019	3094.341042995453	0.007374328244216547
41	-0.96718687	9.456675	10.0	-18.933884	-2.9123216	9.104131	9.841604	-23.16446	145.46428	168.49	163999	-3.5937226	2.9666462	16.223446	-14.91584	-3.5936432	2.9682992	16.714195	-14.744703	3.4545553	0.8545876	3172.4093248844147	0.007666089452535462
42	-1.8782071	9.416735	9.147342	-17.60537	-2.3217134	9.17401	9.92067	-18.532967	132.7	142.99	167999	-3.629231	2.9510608	19.394945	-15.299582	-3.6293366	2.9529011	17.628466	-14.5293665	3.4918115	0.8714105	3250.290898323059	0.007507529675045534
43	-2.5874684	8.6807785	9.181117	-14.533952	-2.3599398	9.3682	9.655131	-20.058943	147.61539	156.47	171999	-3.641088	2.9638908	17.049252	-15.625189	-3.6410744	2.9654787	16.851706	-18.043684	3.4959688	0.88123375	3327.9063272476196	0.0076507802412726774
44	-0.9398984	9.219507	9.280085	-14.259519	-1.6593013	9.040629	10.0	-22.819374	115.888885	159.74	175999	-3.6196656	2.9879403	19.901217	-15.051801	-3.6196494	2.9902902	20.084614	-17.802074	3.47981	0.8837053	3406.126838684082	0.007953479119577538
45	-2.5593264	9.148067	9.09739	-15.074262	-2.2200544	9.8900795	9.804472	-19.36572	149.0	122.92	179999	-3.6160643	3.0063968	17.007185	-14.844984	-3.6161418	3.0077412	16.454727	-15.359316	3.4763408	0.8609783	3482.3873851299286	0.007788975184777519
46	-1.1403972	8.89367	9.121294	-18.579014	-1.1125741	8.558753	9.490096	-19.908787	169.375	166.03	183999	-3.6151648	3.008805	19.055944	-14.192694	-3.6150641	3.0109956	18.214966	-14.364964	3.4731488	0.89825046	3561.4849257469177	0.007781193990786733
47	-1.5143532	10.07979	10.0	-20.714434	-3.492849	9.579521	9.689821	-18.444067	131.6	141.82	187999	-3.6359344	2.9770384	16.559978	-15.223298	-3.6359203	2.9782603	17.468615	-15.875574	3.4932187	0.85192406	3639.0623915195465	0.007470104377376479
48	-2.541596	8.644641	9.226912	-14.967409	-1.479537	9.562987	9.853731	-23.395754	146.14285	152.39	191999	-3.6807404	2.9902477	17.73886	-16.35942	-3.6807132	2.9927676	17.883484	-15.537024	3.5469608	0.8604607	3716.718727827072	0.007921744579098772
49	-0.15961409	7.5979276	9.493373	-13.250528	-1.9600556	9.451526	9.942965	-18.002771	158.375	142.48	195999	-3.6975229	2.987232	17.170246	-14.838112	-3.6974876	2.9894097	18.926104	-15.186447	3.5628316	0.8310694	3795.1299815177917	0.007605035798728492
50	-0.4467856	9.771757	9.562776	-25.319824	-1.2731299	8.728551	10.0	-20.65763	136.2258	151.94	199999	-3.6870263	3.001672	17.92012	-15.939053	-3.6869762	3.003462	16.463518	-15.462468	3.5522182	0.83006567	3873.0014972686768	0.007597438360368125
51	2.4265409	6.9978724	9.552055	-12.250103	0.97870517	9.135594	9.847495	-17.316467	140.74074	143.11	203999	-3.6658108	3.0465522	16.097212	-14.611908	-3.6657052	3.0489838	16.191898	-15.227737	3.5235922	0.8522153	3949.9066569805145	0.00774240446694458
52	-1.9007282	8.16391	9.339483	-14.934846	-1.599325	10.018734	9.836374	-25.167793	171.875	146.58	207999	-3.6655543	3.11758	16.993202	-14.315708	-3.6656072	3.1196477	16.986547	-14.530031	3.5242739	0.87291807	4027.1156980991364	0.007582266245610659
53	-3.337605	8.640766	9.434398	-17.127924	-0.79960245	9.668832	9.914845	-20.354088	170.52174	141.15	211999	-3.6764956	3.1203887	16.40185	-13.956666	-3.6763732	3.122425	17.04621	-14.3364935	3.540716	0.8911729	4104.925473451614	0.007882254405664434
54	1.2674208	9.034398	9.357856	-17.667837	-2.5061975	9.707401	9.675426	-26.622301	129.625	141.5	215999	-3.6736453	3.1223493	17.192963	-14.653673	-3.6736016	3.1238396	17.152014	-14.653253	3.533665	0.89590377	4182.199667692184	0.008032655064154137
55	-2.8658113	9.120509	10.0	-15.355066	-0.66836566	9.379683	9.888806	-25.84168	142.2963	129.26	219999	-3.6662147	3.13803	15.572319	-15.001273	-3.666225	3.1395712	15.68571	-15.227154	3.5216346	0.86348224	4258.790652751923	0.007711512118543938
56	-1.7757875	8.9203825	9.408802	-14.500408	-0.8198837	8.893363	9.7713995	-17.425756	147.89285	144.21	223999	-3.6811852	3.1345203	16.864872	-14.590287	-3.6811469	3.1361184	15.963476	-15.421404	3.546875	0.8725365	4336.432203531265	0.007858654857269403
57	-1.8410002	9.197665	9.291608	-14.174841	-0.8827912	8.967609	9.59529	-20.676594	125.75	139.06	227999	-3.7143888	3.1349692	16.575281	-14.844902	-3.7143633	3.135959	17.358139	-14.744152	3.5789568	0.85517603	4414.62551856041	0.007850804053216188
58	-2.7113705	9.950495	9.558435	-19.677624	-0.2496934	8.9969425	9.558487	-18.178856	159.29167	149.85	231999	-3.732682	3.1265848	16.933983	-15.454694	-3.7326775	3.1275551	16.172691	-15.5359335	3.6077776	0.89570725	4493.06280040741	0.007388424127119605
59	1.6416324	8.835919	9.553396	-21.194296	1.588914	8.980134	9.905095	-21.674484	132.83333	140.32	235999	-3.7592037	3.1387417	17.09515	-15.341762	-3.7590523	3.13986	16.492859	-14.794227	3.639183	0.9291143	4569.676884174347	0.007680743031230181
60	-0.3396277	8.5728245	9.327589	-14.064047	1.7241777	8.939908	9.917827	-19.418467	154.92592	117.55	239999	-3.7541115	3.1450868	17.11798	-15.2522955	-3.7541435	3.146738	15.857725	-15.202962	3.6211753	0.91302395	4645.4600377082825	0.008145118380858187
61	1.384315	8.401755	9.502706	-13.961015	1.1563239	9.087491	9.945664	-17.29269	137.65517	128.49	243999	-3.7335985	3.1321476	16.732756	-16.00016	-3.7336354	3.1328921	15.390282	-15.033379	3.5975761	0.9017846	4722.717095851898	0.007819479188302116
62	0.26186103	8.986544	9.534995	-19.146578	2.4208565	8.366622	9.908719	-15.559002	156.4	127.85	247999	-3.7115953	3.159238	16.240358	-15.839151	-3.7114809	3.161199	17.083136	-15.311404	3.5772593	0.900059	4798.993925333023	0.007657746809902299
63	-2.862493	9.1313305	9.81216	-16.820322	-0.93357474	9.062038	10.0	-16.10934	170.34782	150.91	251999	-3.7153852	3.1676202	16.804358	-16.327469	-3.7153769	3.168691	17.164167	-15.49106	3.5891323	0.8829574	4877.503423690796	0.0074993595855201555
64	1.2716764	8.64794	9.1985855	-15.829324	-0.36155495	8.799726	9.708255	-16.812275	144.17241	146.68	255999	-3.7228894	3.1454592	16.713646	-16.418203	-3.7228453	3.146843	17.201872	-15.547432	3.5897653	0.9006577	4955.016469955444	0.008112619195900821
65	2.3716803	8.573219	9.889837	-17.557417	2.155027	8.178647	9.36709	-14.7279005	128.96666	133.3	259999	-3.7221615	3.139574	17.60459	-15.771482	-3.7221615	3.1407425	18.398893	-14.972335	3.589627	0.8944888	5032.232586145401	0.007944823724359968
66	2.18969	8.0539055	9.798256	-14.869715	-0.8519788	9.5412445	9.802495	-17.546867	133.16129	142.75	263999	-3.7039654	3.1123903	16.682903	-15.962464	-3.7039595	3.1141255	16.787746	-14.713305	3.5768251	0.89727175	5109.8461582660675	0.007780498811413044
67	-0.39205986	8.124128	9.223588	-13.977006	-0.19868919	8.757134	10.0	-16.003881	160.44	157.91	267999	-3.6609185	3.1121643	16.368826	-14.719152	-3.6609817	3.1126482	16.20572	-14.581878	3.5242865	0.899051	5187.4610686302185	0.007772726085327717
68	-2.7098415	9.7050705	10.0	-17.980057	1.7575412	8.517698	10.0	-16.8313	135.89655	133.23	271999	-3.6360579	3.1093762	17.376057	-15.820255	-3.635961	3.110575	16.790281	-14.468467	3.504627	0.89425135	5264.561529636383	0.008080249683340287
69	0.75984657	8.43486	9.897603	-17.67106	-0.95987153	9.368381	9.717756	-16.628124	136.2069	136.25	275999	-3.6220877	3.101527	16.290272	-15.646965	-3.6220765	3.1023006	16.113266	-14.736167	3.4922454	0.90037	5341.966944932938	0.007913123719080926
70	0.66480964	9.372885	9.702536	-15.665695	1.5077418	8.730204	10.0	-24.791513	139.27586	132.84	279999	-3.6034071	3.1202157	17.219654	-14.853403	-3.603359	3.1219444	16.326796	-14.291874	3.4631016	0.9099183	5418.4540820121765	0.007905218500580347
71	3.7003472	8.257073	9.877966	-15.202845	0.5800974	9.200651	9.899143	-18.48128	106.810814	120.38	283999	-3.5680885	3.1503925	16.99382	-14.891884	-3.568097	3.1515236	15.663915	-14.052307	3.4421241	0.9225707	5494.658121585846	0.008217984087542554
72	2.125007	8.33474	10.0	-15.305492	3.0432782	8.753946	9.793866	-16.166565	132.73334	108.25	287999	-3.5508566	3.1551003	16.811476	-14.754309	-3.5508044	3.1574724	16.44004	-14.479408	3.4286358	0.9503684	5570.656115293503	0.007889431747653296
73	-4.221099	9.427034	10.0	-19.308691	2.4840207	8.146594	9.806463	-16.464918	141.6207	135.79	291999	-3.5444343	3.1213355	16.820534	-15.294914	-3.5444531	3.122433	15.711737	-14.274575	3.4176059	0.9171319	5648.153489351273	0.007726252521768298
74	-0.56936646	9.018438	9.318858	-16.373205	2.8819296	7.9404597	10.0	-16.173094	146.23077	134.08	295999	-3.5404072	3.1055682	16.847782	-15.065479	-3.5404766	3.1069727	16.545284	-15.20031	3.426001	0.91256577	5725.428181409836	0.007873676520934908
75	3.150282	8.038673	9.845092	-14.5849	2.8158631	8.543934	9.828905	-16.034012	134.6129	111.44	299999	-3.5304103	3.1150992	17.064243	-14.254556	-3.5303144	3.1148872	17.929138	-14.055794	3.4035308	0.913677	5801.384071350098	0.007409949500978672
76	2.5335858	9.066535	9.561094	-15.340882	2.6079948	8.391631	9.847894	-15.638934	105.83784	128.62	303999	-3.5089138	3.1287768	15.387592	-14.930505	-3.5089982	3.129756	16.4756	-14.238842	3.3859189	0.9438891	5878.538989543915	0.008177017149810947
77	1.7217202	9.21936	9.854915	-14.472173	2.1690753	9.022009	9.925199	-15.582684	128.6875	109.13	307999	-3.509778	3.0972176	15.663759	-15.065403	-3.5098474	3.0978432	15.610958	-14.75277	3.3941326	0.9256411	5954.709174871445	0.007850102654812409
78	2.6210182	8.182205	9.747789	-13.912565	4.772373	7.1683354	9.794495	-13.633594	114.8	98.56	311999	-3.4921505	3.0918145	15.641819	-15.4571	-3.492097	3.0929554	16.305351	-14.705926	3.3664048	0.9096405	6029.758999347687	0.008160687613895544
79	3.1401763	7.778059	9.848843	-14.063599	2.7746177	7.792812	9.88689	-14.6821785	121.96774	126.58	315999	-3.4627943	3.12237	15.200795	-15.07946	-3.4627264	3.1239192	15.55459	-14.648455	3.3446138	0.9210909	6106.2770211696625	0.008152535078816728
80	4.5103073	7.4088345	9.890323	-14.824401	0.3248623	8.357213	9.794639	-15.852805	108.24324	143.61	319999	-3.4226944	3.1431346	16.37592	-15.419913	-3.4227278	3.1438525	16.280365	-14.274412	3.3027818	0.90198475	6185.2454216480255	0.0081443906881286
81	1.9964958	8.694958	9.37244	-12.957476	5.2848077	6.680281	9.884677	-15.014432	101.31707	103.52	323999	-3.3560429	3.1985486	17.724869	-14.98251	-3.3561003	3.199917	17.396492	-14.856613	3.2285259	0.9415553	6260.88972902298	0.0076647197220782014
82	5.528027	6.2734485	9.833876	-13.826176	0.5866225	9.681949	9.851547	-16.346199	108.083336	121.36	327999	-3.2940667	3.2303538	15.858754	-15.79595	-3.2942472	3.2307973	16.280725	-15.102437	3.1638258	0.9405215	6337.463371038437	0.008458160829253946
83	2.4098759	7.875091	9.851952	-13.655187	5.0837092	6.8030996	9.826775	-14.855456	120.73529	108.13	331999	-3.2399173	3.2355032	15.725673	-15.098249	-3.2397993	3.2370117	15.825423	-14.42864	3.1146045	0.94217795	6412.347013711929	0.00879280327287371
84	4.8251266	7.690311	9.903128	-14.206259	1.2668319	9.215535	10.0	-16.619902	100.6	99.56	335999	-3.1855428	3.2483013	15.797305	-15.266445	-3.1856072	3.2493196	15.745095	-14.935287	3.06258	0.94456273	6487.498260498047	0.008441269848287527
85	4.1762257	7.352987	9.8543825	-13.417481	1.9814186	8.762429	9.914202	-17.424816	109.054054	117.62	339999	-3.1594837	3.2437913	15.134097	-15.083812	-3.1595488	3.2452962	16.081728	-15.260551	3.0235558	0.9379078	6563.329470872879	0.008266676807446577
86	2.7631943	8.762497	9.358657	-17.513622	2.0999746	8.364681	9.899227	-14.723232	135.3793	123.51	343999	-3.1185675	3.2722971	16.591494	-15.708968	-3.1185472	3.2724497	15.153986	-14.867179	2.9895136	0.94068813	6639.414080619812	0.008424412598677575
87	3.203742	8.447264	9.812249	-16.021172	4.3366976	7.3090706	10.0	-15.987469	122.3125	111.2	347999	-3.0616322	3.295745	15.020058	-16.09557	-3.0617394	3.296385	15.901453	-15.485607	2.9342303	0.94010264	6716.403643608093	0.007618891934599423
88	3.87566	8.1984825	9.848634	-17.232685	4.9125557	7.3749766	10.0	-17.053728	103.425	101.66	351999	-3.0008078	3.2976513	15.470148	-14.789526	-3.0009143	3.2972317	15.106118	-14.352073	2.8744814	0.9634644	6793.30471777916	0.008407589013062438
89	3.568494	7.0310974	9.550908	-15.684453	2.9984958	7.561943	9.45215	-13.925521	138.27586	123.39	355999	-2.9572854	3.3103602	16.783016	-14.991592	-2.9573185	3.3112442	15.977187	-14.501597	2.8278823	0.9792491	6871.472856760025	0.008071456329712972
90	3.332783	8.959134	9.714365	-17.963467	4.695619	7.2274985	10.0	-12.888153	91.47727	100.23	359999	-2.8838825	3.3317559	15.988856	-15.211056	-2.8837821	3.33314	17.794147	-15.183265	2.748218	0.9691943	6949.426181554794	0.007748762122083496
91	2.7799737	8.813032	9.459725	-17.726917	4.2753773	7.3473635	9.6102705	-15.126118	101.51282	108.48	363999	-2.8493462	3.3351307	17.18727	-15.598799	-2.8494372	3.3355112	17.560013	-15.0107355	2.7139432	0.9792019	7028.49174118042	0.00838241660760738
92	5.368092	5.929687	9.7370405	-13.197706	4.821975	7.1876497	9.865521	-16.061768	111.97222	110.28	367999	-2.7727263	3.3592725	15.043251	-15.149934	-2.7728193	3.3595011	14.864108	-14.561843	2.6411505	0.99674314	7106.421528100967	0.008209040844076403
93	2.823523	7.860142	9.841179	-12.802103	4.9422946	7.3567324	9.712002	-15.088898	117.82353	91.66	371999	-2.7378507	3.335066	16.534796	-15.500374	-2.7378826	3.3356245	14.873165	-15.170947	2.6059675	0.9787238	7183.869863033295	0.008200840004072332
94	3.5262132	8.789977	10.0	-16.56552	4.234031	7.6854334	9.826903	-14.773399	95.02381	96.71	375999	-2.6883712	3.320568	15.842645	-15.662329	-2.6883488	3.3214242	15.880129	-15.355043	2.5492823	0.9712775	7260.31862282753	0.008525301691914173
95	5.6970234	7.0251365	9.697585	-14.756439	5.530032	6.8392324	9.934768	-15.530463	88.16279	97.37	379999	-2.638117	3.29493	16.282057	-15.479985	-2.638161	3.2951488	14.977827	-15.568865	2.5068002	0.97634244	7337.849333524704	0.008516784907007167
96	5.44118	6.2403717	9.831453	-11.17062	4.882724	7.538143	9.7864065	-15.501303	99.95122	93.06	383999	-2.578136	3.2953246	15.652652	-15.01678	-2.5781605	3.295601	15.401876	-15.124913	2.4361699	0.96410817	7414.908747911453	0.008176286607214582
97	5.4282856	6.8016725	9.685876	-15.064453	3.895024	7.5408955	9.710757	-14.337125	95.81396	106.67	387999	-2.5323014	3.2955928	15.350292	-15.426344	-2.5323746	3.2962556	16.774296	-15.585596	2.3942704	0.9719422	7490.872883796692	0.008007174285585587
98	4.5662956	7.9584355	9.62616	-13.608324	5.157168	7.5904627	10.0	-15.623955	93.02439	85.73	391999	-2.4636607	3.328351	15.52225	-15.125753	-2.4637382	3.3293304	14.927623	-15.574771	2.32544	0.98877513	7566.804370641708	0.008491285567955314
99	5.544717	6.795936	9.884861	-14.826415	5.0937624	7.3009315	9.760505	-12.917452	99.40476	83.59	395999	-2.405593	3.3390112	15.356605	-14.539662	-2.4055402	3.3397372	15.506443	-14.765364	2.2671912	0.9694403	7644.187658071518	0.008151806723472195
100	5.5007963	5.868068	9.763726	-15.827664	3.8503814	6.759169	9.777197	-14.563065	124.6875	144.81	399999	-2.3525267	3.3305972	15.001118	-15.247409	-2.3525817	3.330691	16.414495	-14.954198	2.2127266	0.95764077	7723.295677423477	0.007825900133146503
