Epoch	AverageEpRet	StdEpRet	MaxEpRet	MinEpRet	AverageTestEpRet	StdTestEpRet	MaxTestEpRet	MinTestEpRet	EpLen	TestEpLen	TotalEnvInteracts	AverageQ1Vals	StdQ1Vals	MaxQ1Vals	MinQ1Vals	AverageQ2Vals	StdQ2Vals	MaxQ2Vals	MinQ2Vals	LossPi	LossQ	Time	sigma
1	-16.327744	6.6923556	-7.3658123	-30.59496	-30.573837	18.851006	9.049799	-62.361843	170.65218	173.55	3999	-0.6175167	0.77629644	10.360108	-12.30023	-0.61746746	0.77634877	10.305526	-11.8279505	0.48104444	0.17209685	62.47148251533508	0.03087761985591571
2	-19.554932	11.391957	9.7785015	-44.3309	-27.254995	19.707691	9.777706	-59.578377	188.14285	184.16	7999	-0.50803244	1.1384145	11.986296	-13.975626	-0.5080195	1.1387597	13.11594	-12.901759	0.35654953	0.16574822	141.17158031463623	0.015995545997644273
3	-14.5506315	9.4400625	-0.59150445	-37.447742	-13.403677	8.246034	9.699285	-32.68985	188.61905	124.26	11999	-0.09939934	1.5180372	16.097836	-13.605971	-0.09938174	1.5175773	15.870596	-13.824372	-0.16810594	0.18490171	215.4427444934845	0.014756861501766817
4	-15.912649	9.106631	-0.6007585	-46.068626	-10.323021	7.0456758	9.919026	-34.49191	162.04	144.94	15999	1.1192116	1.8463608	15.97191	-13.945884	1.1192936	1.8457015	16.83786	-13.890957	-1.3954761	0.30650848	293.7590551376343	0.014166886962490596
5	-7.687349	7.9847083	9.2003975	-18.876368	-5.3727684	8.849401	9.891286	-27.750189	131.16129	160.5	19999	2.0097117	2.398174	16.20372	-14.758729	2.009759	2.399546	16.076763	-15.462099	-2.3821225	0.47837463	371.9654607772827	0.012559833026255032
6	-4.5943856	9.511962	9.814445	-18.611313	-7.0718083	9.138779	9.924949	-17.658754	141.32143	127.01	23999	3.25977	3.161337	17.631416	-15.83664	3.2597835	3.1609619	17.159468	-15.61221	-3.6566055	0.49701348	448.2035050392151	0.0107005920624889
7	-11.440088	10.352036	9.853849	-31.830904	-15.476449	12.879177	9.823727	-36.8405	177.31818	222.52	27999	3.8674834	3.5289724	14.541256	-16.499834	3.8676548	3.5293956	14.994982	-16.616535	-4.1677384	0.4595396	530.4105968475342	0.010689902160328573
8	-13.534083	10.390529	8.704614	-29.503546	-15.723235	12.32868	9.439014	-38.517258	209.21053	226.34	31999	4.1865115	3.6610975	12.783732	-15.730373	4.186569	3.6604836	12.918157	-15.947184	-4.454384	0.46048194	612.2193145751953	0.010060311084386798
9	-11.642348	11.0886345	9.505787	-29.414701	-14.486565	12.44423	9.690627	-33.700695	200.61905	218.3	35999	3.9798913	3.4239576	13.097452	-15.382646	3.9798934	3.4238431	12.57879	-14.786303	-4.2213774	0.41723755	693.5361709594727	0.009467800321899767
10	-11.556106	10.506475	8.410096	-24.014784	-11.077171	9.310924	10.0	-25.226393	198.36842	193.48	39999	3.610306	3.1393101	13.426068	-14.985829	3.6103344	3.139979	14.143532	-14.831626	-3.817956	0.36905858	774.1413495540619	0.009089280734099658
11	-11.627327	11.724544	9.598499	-31.404535	-12.709271	9.852457	9.933841	-26.120838	206.15	214.43	43999	3.0663562	2.807558	13.178803	-16.4978	3.0664074	2.808376	12.919429	-16.853252	-3.2544086	0.32942408	855.3561849594116	0.008901284710877455
12	-8.473135	11.497232	9.964573	-27.020412	-12.158422	11.341597	9.91833	-33.655624	185.2381	198.42	47999	2.5441449	2.5065804	13.450558	-16.126694	2.5441532	2.507139	14.150742	-16.52534	-2.722849	0.30456316	933.9740669727325	0.009071129404161932
13	-8.225142	12.093702	9.971519	-28.687809	-9.717868	10.880489	9.977811	-24.06083	196.14285	200.0	51999	2.057699	2.3149455	14.272412	-15.349863	2.0576813	2.3152335	13.940777	-14.792374	-2.2237265	0.28404346	1013.2057750225067	0.009062067336825108
14	-8.489155	11.202036	9.700032	-26.639568	-9.208708	10.222669	9.960398	-23.310987	208.0	199.65	55999	1.6053	2.0817268	13.857957	-14.227949	1.6053345	2.0821888	14.572185	-14.003088	-1.7605095	0.2748275	1094.0806605815887	0.009053014322502606
15	-9.385203	8.6192255	9.84353	-21.175398	-6.6456575	10.551658	9.945358	-23.96128	196.7619	150.08	59999	1.1158044	1.8780531	15.308517	-14.94279	1.1158036	1.8785361	15.133395	-14.771301	-1.2550956	0.2670214	1171.2866621017456	0.008865768407166411
16	-3.573654	9.169336	9.929218	-16.012945	-7.7624884	10.508047	9.989765	-31.405222	158.64	172.96	63999	0.671499	1.7751045	14.985445	-15.3932	0.6714618	1.7755766	15.404854	-16.413065	-0.8056204	0.29257783	1249.3887190818787	0.00885691149567074
17	-4.911814	9.838304	9.895077	-23.00711	-3.029055	9.31496	9.935191	-17.720535	174.91304	150.42	67999	0.35147765	1.787672	14.272305	-14.90158	0.3514519	1.7888716	15.284345	-15.3965	-0.5038471	0.32447043	1325.9945211410522	0.009025909507226497
18	-0.9971932	10.388112	9.981768	-21.58027	-0.26418504	9.352995	10.0	-20.090206	143.25926	139.53	71999	0.1028795	1.8223273	14.776248	-15.302915	0.102783464	1.8226253	15.500347	-14.606479	-0.2500653	0.3394624	1402.2163076400757	0.009198132156165585
19	1.6974623	9.193799	9.86826	-18.957336	0.33731988	8.843601	9.993085	-16.12904	165.12	152.93	75999	-0.06591712	1.8702252	14.302832	-15.161829	-0.06585977	1.870381	14.347995	-14.894647	-0.09424481	0.37291592	1480.6217586994171	0.009007884729882005
20	0.3656755	9.733677	9.954895	-15.9837675	2.789179	8.618043	10.0	-15.907458	130.5	130.81	79999	-0.12373276	1.8869777	14.731769	-14.742673	-0.12374413	1.888458	15.20615	-14.996326	-0.042765465	0.4059207	1555.9032003879547	0.009364276694838145
21	3.4687424	6.9019814	9.9863	-13.120195	1.6286654	9.143144	9.9521	-24.13283	155.32	138.55	83999	-0.16261145	1.9459497	16.44736	-15.548038	-0.16262934	1.9468832	14.545002	-15.61138	-0.0132921925	0.41703817	1631.6332993507385	0.009170592856646486
22	0.68639976	8.825327	9.967916	-14.04904	3.4500244	9.1953945	9.93907	-17.369211	147.96428	116.64	87999	-0.1882317	1.9948093	18.764027	-16.032242	-0.18819685	1.9960996	18.997335	-15.049746	0.011889284	0.44096246	1705.6977171897888	0.009161431425221266
23	2.574001	7.8102455	9.979378	-15.725025	-1.4639025	9.837874	9.959663	-20.35564	167.47826	164.66	91999	-0.20828363	2.0190547	19.860384	-14.910994	-0.20824705	2.0205126	19.094557	-15.919972	0.033901103	0.45372388	1784.7593822479248	0.009336239956911303
24	0.95422745	8.32153	9.880571	-13.615257	-0.26182353	10.129977	9.948125	-19.025406	150.64285	126.26	95999	-0.25013208	2.0688891	17.311079	-15.932676	-0.25021046	2.071022	15.816839	-15.909066	0.072558485	0.4732125	1860.368805885315	0.008962980109857003
25	3.2349448	9.092561	9.955207	-14.759429	4.8244643	6.8675003	10.0	-14.313888	118.0	134.66	99999	-0.2597969	2.1088998	15.845078	-15.132328	-0.25975657	2.1108108	15.124524	-14.965715	0.08672627	0.48487473	1936.8282725811005	0.008777596396209422
26	3.8882163	9.415852	9.900925	-29.29476	5.581707	8.184616	10.0	-20.484373	117.82353	105.02	103999	-0.24169256	2.1592798	16.234627	-14.982365	-0.24167037	2.1609914	15.726934	-16.175186	0.06358673	0.5068453	2010.6494064331055	0.008426670937622834
27	5.048122	8.065485	9.942133	-18.141724	3.5023346	9.332843	9.963829	-21.902521	115.14286	105.27	107999	-0.23669326	2.2334466	17.134085	-14.755393	-0.23664644	2.235186	16.414373	-15.135458	0.06363794	0.53831714	2084.3619170188904	0.00858745956390515
28	3.2216322	7.4490004	9.918442	-12.0310335	2.985354	8.935923	9.957993	-20.140182	141.82143	126.4	111999	-0.22227137	2.3338223	16.471687	-14.947548	-0.2222595	2.3362994	15.569378	-15.125608	0.04298603	0.5533681	2160.034965991974	0.00910665471484175
29	6.3458223	6.362125	10.0	-14.617391	5.033266	8.069631	10.0	-17.368208	112.583336	109.62	115999	-0.15343674	2.4136698	15.704841	-15.98492	-0.15352255	2.4149115	14.547135	-14.839897	-0.03966635	0.5560564	2232.9829761981964	0.008401441400695108
30	6.3869543	6.5824027	10.0	-15.056433	7.3119183	5.47696	9.964842	-19.247974	101.10256	115.13	119999	-0.028642304	2.51305	14.683213	-15.14758	-0.028618064	2.5145798	14.27255	-16.09347	-0.1599588	0.5931041	2307.3336131572723	0.008561748624224855
31	7.020602	5.393108	9.910108	-15.749928	6.5383134	6.322491	10.0	-17.149944	120.26471	110.29	123999	0.108543634	2.5911264	14.621064	-16.211876	0.108550265	2.5921607	14.350804	-15.426608	-0.29097137	0.61506337	2382.0880806446075	0.008384663688654113
32	6.1313076	7.4788623	9.911997	-18.968756	8.101839	4.563779	9.93746	-13.391361	114.76471	82.29	127999	0.15967512	2.6170185	14.3532	-14.624853	0.15970148	2.6187809	14.766985	-15.4819	-0.3426053	0.61573637	2454.4817168712616	0.008376287401252862
33	7.884351	3.913576	9.936776	-6.869968	7.5166335	5.307845	9.954484	-15.962921	111.34286	90.68	131999	0.28120056	2.6655474	15.442238	-14.216981	0.28113055	2.6668103	14.846256	-13.746132	-0.46377987	0.63006556	2526.732413291931	0.00888271514850669
34	4.792762	6.8347006	9.912807	-11.979042	6.7361712	6.0613127	10.0	-20.91528	123.32353	100.35	135999	0.40324718	2.7032638	16.264273	-14.252226	0.40331867	2.7046432	16.780432	-14.8173895	-0.5894903	0.6401047	2601.6943645477295	0.008873841307199492
35	7.322126	5.2744303	9.940164	-13.30276	6.0455694	6.832218	10.0	-18.163357	97.63415	103.91	139999	0.53708494	2.743099	16.320753	-14.152413	0.5370418	2.744978	16.021727	-14.638043	-0.71250194	0.635521	2677.1030852794647	0.008690301275236373
36	4.095065	8.851795	9.8835125	-14.739291	6.37213	7.117054	9.938685	-19.038937	105.289474	91.03	143999	0.61615306	2.803651	15.175615	-16.623549	0.6161415	2.8056006	14.84294	-15.934165	-0.791091	0.64882433	2753.061396598816	0.009034128226892195
37	4.8337398	8.546271	9.943826	-15.092745	7.865422	5.055822	10.0	-15.458593	96.63415	85.69	147999	0.6785847	2.837803	15.228565	-16.117842	0.6786209	2.839501	15.424595	-15.804632	-0.8522334	0.64987034	2827.0652067661285	0.008502055395423903
38	7.739545	4.33536	10.0	-11.172183	7.709222	5.312315	9.902672	-13.2065325	90.704544	82.3	151999	0.7667917	2.9057496	15.064134	-15.098847	0.7667993	2.907798	13.814854	-14.926119	-0.9506321	0.67885613	2900.61278629303	0.008664282426445478
39	7.6474304	5.418537	10.0	-12.01434	7.3523893	6.090096	10.0	-18.861834	80.7	95.96	155999	0.8716122	2.9291642	14.509775	-14.5629	0.8717157	2.9305367	14.8728695	-15.09856	-1.0541757	0.67948866	2974.851325273514	0.00848507675683348
40	7.9516845	5.0138073	9.964165	-14.195584	8.193004	4.759525	9.981195	-12.614963	82.520836	73.88	159999	0.9744125	2.9763572	14.069053	-15.111866	0.974467	2.977862	14.67482	-14.548753	-1.1516409	0.67060065	3048.035655736923	0.00882078411420451
41	7.604274	4.8941064	9.897152	-11.962917	8.311927	4.3452535	9.939723	-13.032253	92.681816	74.75	163999	1.0549537	3.00367	14.8094	-14.580633	1.0549834	3.0048764	14.1953335	-14.860272	-1.2326374	0.67339253	3124.6971921920776	0.00863834147834766
42	7.5440555	5.2651453	10.0	-12.756749	7.9699025	4.6127496	9.923842	-12.409631	92.37209	84.55	167999	1.1089417	3.048843	15.787223	-15.637784	1.109017	3.049871	16.239717	-15.555327	-1.2825172	0.6746977	3200.6944241523743	0.008980112669448457
43	8.330467	4.870013	9.928821	-14.65	8.064883	4.7734246	9.93778	-13.41614	70.2807	79.55	171999	1.1755981	3.110675	14.552344	-15.61695	1.1756697	3.11223	13.894486	-15.560822	-1.3550957	0.6740163	3275.1311106681824	0.008451221131168685
44	8.607747	3.022821	9.919277	-2.367278	8.448999	3.9157941	9.901957	-12.005189	84.085106	78.15	175999	1.2967944	3.1416874	14.692009	-15.368603	1.2968776	3.1430564	14.087855	-15.986534	-1.4718363	0.707298	3348.936231613159	0.008276422265283669
45	7.911201	4.938219	9.954826	-12.32293	8.607772	3.2009113	9.922169	-12.2436	86.489365	86.95	179999	1.3957375	3.1808221	15.598646	-15.569202	1.3958083	3.182024	14.4693775	-15.571707	-1.5650505	0.6949311	3426.775298833847	0.00895322612244952
46	8.348797	4.663949	9.981384	-14.217237	8.251718	4.088641	9.935149	-15.348282	74.754715	88.97	183999	1.4817367	3.2026968	14.134242	-14.981415	1.4817128	3.2042716	14.123824	-15.684825	-1.6466942	0.7117148	3499.8560123443604	0.00894428184060891
47	9.299716	1.6234571	9.9387245	-2.190722	8.933691	2.965431	9.950619	-6.218249	72.96364	70.8	187999	1.558466	3.2159677	13.579796	-15.668213	1.5585566	3.217247	14.480656	-15.897487	-1.7332186	0.6973165	3574.209240436554	0.007929666323677883
48	9.067575	3.023071	9.929997	-12.483138	9.061793	2.6668165	9.934617	-13.393881	73.58491	70.27	191999	1.6239542	3.2447913	13.572358	-14.973575	1.6238867	3.245675	13.711654	-15.535403	-1.7850009	0.70937645	3646.8317153453827	0.008578114237750014
49	7.952171	5.190692	9.937055	-14.354724	8.911278	2.4222777	9.953311	-3.3206415	72.23637	80.97	195999	1.7034703	3.2787416	15.390283	-16.306654	1.7034941	3.280219	15.650406	-16.941399	-1.876875	0.71520716	3723.616541624069	0.008569544693056957
50	6.563067	6.3559413	9.9559355	-14.495226	8.358339	4.560529	9.942262	-12.435566	103.125	73.41	199999	1.7873752	3.3055792	15.037474	-15.058571	1.7874001	3.3073277	14.967653	-16.968622	-1.9601954	0.7262285	3802.3204572200775	0.008908593977491797
51	8.234752	4.754134	9.982535	-12.2254	9.174447	2.3107007	9.935943	-12.755827	79.76	71.76	203999	1.8342267	3.3182359	16.024792	-16.00562	1.8342394	3.3189242	16.8065	-16.467735	-2.0126123	0.71544164	3881.6432423591614	0.00889969428320859
52	8.924409	2.7249982	9.918204	-5.7084184	8.274274	4.3357162	9.921583	-12.343089	74.98148	76.64	207999	1.8920648	3.3055508	14.227881	-15.48897	1.8920622	3.3070097	13.442753	-15.72497	-2.0623195	0.7276685	3959.4268851280212	0.00871561952723151
53	8.757113	3.5984259	9.925922	-12.189208	9.147183	1.89691	9.942251	-3.5295532	78.36	73.72	211999	1.9335186	3.2901838	14.437212	-15.114866	1.9335682	3.2914042	14.236221	-14.744822	-2.0913846	0.7103773	4037.2466521263123	0.008535352038640224
54	9.218696	1.9659739	9.939661	-4.595445	8.825386	3.5950189	9.942277	-12.570655	73.818184	61.23	215999	1.9716786	3.298432	13.431534	-15.509758	1.9716624	3.2993207	14.582317	-15.287642	-2.1326847	0.7078663	4115.011154651642	0.008358813070705615
55	8.950367	2.4083052	9.922887	-4.489546	9.068422	2.6787903	9.9359	-11.709388	76.60784	64.76	219999	2.020742	3.2930083	14.537977	-14.46791	2.020751	3.2940457	14.558357	-14.49282	-2.186574	0.69815916	4192.8154838085175	0.008864184325335697
56	8.869504	3.2252207	9.947102	-11.13339	8.408204	4.569055	9.909714	-14.93105	67.73333	70.04	223999	2.060577	3.2962298	16.110256	-14.612358	2.060607	3.2976966	15.810653	-14.057224	-2.226676	0.6959148	4269.320082902908	0.008855328996339357
57	9.015112	2.4463117	9.937447	-3.4641783	7.6771407	5.000973	9.977479	-12.09745	79.09804	81.56	227999	2.094157	3.2924736	14.538878	-14.426342	2.0942063	3.293284	14.108182	-14.229622	-2.2561934	0.68773377	4348.683208465576	0.008333786700909
58	7.642668	5.6615205	9.945167	-14.48509	7.9354916	4.8787537	9.951289	-12.778894	80.69388	76.84	231999	2.1359012	3.3066497	14.849706	-14.427439	2.1358762	3.3079128	14.403174	-14.704734	-2.2975745	0.6818193	4427.38198018074	0.008325461239669332
59	9.257901	1.8657573	9.943682	-4.3081803	9.402785	1.364667	9.976523	-3.4692643	70.77193	65.61	235999	2.1614575	3.313382	14.900151	-15.75081	2.1614795	3.3142636	14.562754	-15.75092	-2.3303947	0.68554384	4504.791836023331	0.008484318691894793
60	8.742299	2.8639395	9.981949	-4.1951437	8.387553	4.6369686	9.933162	-14.491832	78.64706	69.65	239999	2.2098868	3.3386476	15.550524	-14.534001	2.2098627	3.3397522	14.870607	-15.002302	-2.3723013	0.68979734	4583.459154844284	0.008646207290311568
61	8.972537	3.0207088	9.9645	-11.559672	8.90126	3.3418937	9.970165	-12.247388	65.22414	64.02	243999	2.280081	3.3711586	15.515757	-14.603817	2.280161	3.3723803	14.466969	-14.983817	-2.4392226	0.6937439	4660.822144269943	0.008637569720590977
62	9.377045	1.5546697	9.935306	-2.3068879	9.039594	2.7345784	9.9610615	-12.238304	69.8	77.45	247999	2.3081913	3.3769314	14.5260515	-14.542599	2.3081493	3.3778238	14.72741	-14.489941	-2.4696643	0.68742394	4738.807359457016	0.008628940779811167
63	9.131389	2.1147015	9.969773	-3.2544343	8.925048	3.308848	9.963407	-12.156375	66.72881	60.0	251999	2.3550549	3.3590014	14.1945305	-14.552756	2.355028	3.3605623	14.825033	-14.346461	-2.5123208	0.6831765	4814.991261482239	0.008620320459351818
64	8.68953	4.164164	9.981147	-13.284068	9.1731615	2.3698487	9.92975	-11.832542	64.74603	66.0	255999	2.3899019	3.345623	13.649441	-14.492942	2.3898633	3.3467014	15.601708	-15.226907	-2.5458994	0.6756095	4893.644453048706	0.008442024066857384
65	9.235786	1.93277	9.932037	-5.0230846	9.329115	1.6861739	9.972631	-3.737183	67.932205	68.96	259999	2.417764	3.357584	14.08661	-15.035742	2.4177709	3.3590488	14.377632	-15.906148	-2.5753558	0.66700506	4971.713280916214	0.008776028068419884
66	8.95847	3.0715053	9.929751	-11.511124	9.104829	2.0000541	9.927962	-3.1214066	71.53571	77.16	263999	2.4627554	3.3662045	13.61765	-15.713109	2.4627724	3.3673604	13.67254	-14.994524	-2.616629	0.6811434	5050.342242240906	0.008767260807612273
67	9.129195	2.1074011	9.92025	-5.901241	9.169261	2.2483284	9.945356	-11.918829	71.58929	74.14	267999	2.5128796	3.3956392	15.152109	-15.632586	2.512868	3.3973334	14.850376	-15.342165	-2.6667712	0.6673901	5129.35471701622	0.00893454820164364
68	9.130318	2.0257578	9.939086	-2.0347304	8.399804	4.28627	9.909772	-12.563825	70.350876	67.73	271999	2.5594478	3.39632	13.951207	-15.0291195	2.5595458	3.3973274	13.73029	-14.86641	-2.712297	0.68488646	5207.183049440384	0.009105027592903775
69	7.546983	5.241956	9.924665	-11.533421	9.034963	2.6519895	9.973103	-11.775483	88.22222	70.97	275999	2.6076233	3.3589432	14.115043	-14.656706	2.6075294	3.3606458	14.719472	-14.710058	-2.7544367	0.6739517	5284.814790248871	0.008399940282003145
70	9.318575	1.6754688	9.942437	-2.8555696	9.245708	2.3752232	9.96571	-11.968969	70.070175	66.13	279999	2.6616979	3.361746	14.880732	-15.333803	2.661701	3.3631625	16.044607	-14.902071	-2.8147535	0.6644298	5362.028733968735	0.0085602188628086
71	9.108767	2.795617	9.94667	-11.237659	8.271524	4.3888974	9.961156	-12.49888	71.0	73.81	283999	2.6816647	3.3534012	13.687613	-16.376585	2.68165	3.3546243	14.790403	-15.848491	-2.8322911	0.66717464	5441.25440788269	0.008383165567702175
72	8.005256	5.7414126	9.971063	-15.903713	9.156515	2.1523442	9.975108	-3.9181862	71.203705	71.2	287999	2.6899	3.3655765	13.826397	-16.263268	2.6898825	3.3668761	15.250864	-15.467121	-2.8324435	0.6597885	5520.090659856796	0.00889000916677356
73	8.718745	3.916946	9.960425	-12.850982	9.007627	3.2314003	9.958589	-11.642588	62.850746	63.5	291999	2.7208452	3.360989	14.583814	-16.606718	2.7208436	3.3621092	13.91838	-16.547804	-2.8682125	0.67282534	5593.994342088699	0.008366424352572678
74	8.597624	3.6310952	9.916112	-12.169718	9.437016	0.671693	9.929653	4.616177	71.27778	71.01	295999	2.7447782	3.379763	13.791576	-15.889484	2.7447278	3.3812263	15.657438	-16.219643	-2.8889701	0.6695846	5668.9638459682465	0.00852606341864075
75	8.93357	3.4660537	9.968291	-15.380403	9.049388	2.7202315	9.968462	-10.008657	64.38095	64.21	299999	2.7744586	3.3719466	13.466643	-15.084199	2.7744753	3.3733606	13.3363495	-14.936163	-2.9119127	0.66444385	5742.003151655197	0.008185194166960766
76	8.892197	3.9417872	9.963572	-15.076805	9.067707	3.3770711	9.969122	-14.402321	61.969696	57.04	303999	2.7985103	3.395314	13.544045	-16.190365	2.7985473	3.3961987	14.242349	-15.906857	-2.943151	0.65806544	5815.742040872574	0.008509036835932052
77	9.356986	1.3475317	9.95134	-0.105799645	8.716267	3.973092	9.975364	-12.34151	65.409836	66.81	307999	2.832896	3.4259903	13.283658	-15.303676	2.8328066	3.4269202	14.1097975	-16.068802	-2.9711876	0.6522091	5891.232694864273	0.00850053629963242
78	9.012826	2.3046527	9.918804	-0.68055356	9.403973	2.1565013	9.9324045	-11.895346	69.25455	59.5	311999	2.8945484	3.4550915	13.748222	-14.3625765	2.8945265	3.4562678	15.127415	-14.87571	-3.0252123	0.6564071	5965.515084266663	0.0090144760968782
79	8.864457	3.2852888	9.933338	-12.554432	9.597477	0.33409944	9.951415	7.7201033	66.72581	59.23	315999	2.9398994	3.460634	14.099636	-14.793551	2.9398909	3.4618309	13.902201	-14.990976	-3.0776544	0.6525502	6038.286058664322	0.008828027277964856
80	9.081165	2.9625611	9.979411	-12.16376	8.627427	3.8456051	9.945154	-13.532212	62.484375	74.87	319999	2.9702094	3.4572453	13.613778	-14.90802	2.970163	3.4584873	14.008213	-14.663214	-3.1115084	0.66363084	6115.443187952042	0.008645434829815668
81	9.49784	0.4509178	9.930203	8.087362	9.413767	1.3518013	9.954185	-3.4955947	68.84746	60.61	323999	2.9645095	3.444314	13.596472	-16.38661	2.9644735	3.4450316	13.525005	-14.5986805	-3.1075227	0.64823806	6188.929033041	0.007975938078320675
82	9.066709	2.555334	9.905237	-5.5106006	9.169729	2.0096848	9.935111	-2.800741	71.781815	75.12	327999	2.97711	3.4655895	13.315472	-14.801357	2.977126	3.4668646	13.128505	-14.9996195	-3.1249766	0.6426008	6264.689596652985	0.008628169861921962
83	8.884604	3.8774543	9.950793	-13.689625	9.587531	0.30595037	9.923716	7.664899	61.469696	62.39	331999	3.002485	3.4775324	13.359419	-15.312631	3.0024219	3.4784374	13.832057	-14.59283	-3.143949	0.6517813	6339.93417596817	0.008792803272873724
84	9.115286	2.9011426	9.957056	-12.0758705	9.315105	2.0352817	9.980842	-6.011694	70.32143	60.55	335999	3.068951	3.4740958	13.515032	-14.128778	3.0689025	3.4753807	13.948172	-14.541286	-3.2131855	0.6593963	6414.306054353714	0.008441269848287537
85	8.790352	3.3832328	9.991206	-11.334075	9.277378	1.7852411	9.916029	-0.827883	73.833336	60.66	339999	3.0864394	3.4603722	13.255421	-14.247155	3.0864604	3.4615223	14.056327	-14.809168	-3.2266195	0.65778005	6489.327620506287	0.008266676807446586
86	9.360466	1.5853274	9.97667	-2.5774086	9.449229	1.4358628	9.93922	-4.29556	66.540985	58.99	343999	3.13064	3.4717624	13.194242	-14.620727	3.1306398	3.4725845	13.459162	-14.354993	-3.2787693	0.6465212	6564.820627450943	0.009122431673455705
87	8.956088	2.873193	9.967314	-3.9784532	8.912609	3.0107338	9.93556	-13.42252	69.5614	69.79	347999	3.1798236	3.4926386	13.548746	-14.569923	3.1798337	3.4940622	13.846055	-15.203713	-3.325766	0.65465623	6640.437335729599	0.008415996602075511
88	9.563569	0.3542464	9.972757	8.147041	9.55302	0.38544264	9.952019	8.363726	61.045456	55.52	351999	3.1924925	3.4796417	12.988782	-14.282254	3.1924348	3.480241	13.277151	-14.546041	-3.3251796	0.66424197	6714.902041912079	0.008748970841424729
89	9.499908	0.5285233	9.952267	6.9077535	9.407111	1.4258446	9.948827	-0.58109546	60.151516	58.73	355999	3.2237864	3.4704452	13.428637	-14.995198	3.2237303	3.471356	14.488522	-15.948991	-3.3563492	0.6465885	6790.561992883682	0.008233692601940212
90	9.219542	2.9661934	9.930741	-13.476202	9.40895	0.7207417	9.949443	5.0681796	66.8	70.78	359999	3.245991	3.4684794	14.012274	-15.158279	3.2460475	3.469572	15.40044	-15.89611	-3.384194	0.6345598	6867.240055561066	0.008390799024214997
91	9.249509	2.5590482	9.942155	-11.743807	9.559828	0.6103005	9.932536	4.216554	57.614285	55.53	363999	3.2809198	3.483483	13.474601	-15.592095	3.280879	3.4844623	12.875265	-15.210284	-3.4167788	0.627713	6942.778223276138	0.008217249884920487
92	9.579929	0.36467597	9.946125	7.4834538	9.433099	1.0703232	9.937901	-0.32239938	56.74286	67.6	367999	3.3182638	3.4951153	13.693543	-16.850971	3.3182359	3.4954684	15.208038	-15.789811	-3.466059	0.635926	7018.087721586227	0.008374042565042348
93	9.146912	2.9066768	9.925609	-12.037217	9.137668	2.7727945	9.968704	-14.464905	60.81818	63.84	371999	3.3461368	3.498049	13.199013	-16.428778	3.346105	3.4987154	13.286137	-15.731597	-3.494872	0.6279526	7092.541371107101	0.008705356916177577
94	9.440607	1.2899656	9.963289	-0.6245111	8.92535	2.4439893	9.954759	-4.745372	60.560608	72.21	375999	3.3865461	3.5010004	13.134631	-17.52068	3.3865469	3.5015771	13.765539	-17.388329	-3.5276666	0.62558675	7165.3397760391235	0.008031219837972378
95	9.373156	1.4333097	9.961325	-1.7263932	9.286311	1.8748759	9.919029	-2.9736648	62.578125	59.88	379999	3.4031324	3.5106137	13.616778	-15.792119	3.40312	3.5109744	12.915655	-15.778229	-3.5401318	0.61528444	7237.300060272217	0.008348970597987618
96	9.632089	0.26606253	9.954567	9.040002	9.416323	1.7313069	9.930317	-7.606312	54.833332	60.68	383999	3.4381373	3.5207543	13.881858	-15.919702	3.4381015	3.521618	14.559954	-17.22406	-3.5673358	0.61724097	7309.086874246597	0.008015181459871176
97	9.292889	1.7692602	9.9731245	-0.6873794	9.561886	0.38445094	9.944749	8.010774	63.734375	58.06	387999	3.4677393	3.5136976	14.295676	-16.323284	3.4676828	3.514702	13.6207075	-15.67148	-3.6131494	0.61319166	7381.986296892166	0.008499776853523273
98	9.408663	1.371557	9.909257	-0.54372877	9.356434	1.6999391	9.982467	-0.37230858	63.112904	60.88	391999	3.487506	3.498835	14.329287	-14.985471	3.4875016	3.499686	13.458222	-15.337661	-3.6253197	0.6190509	7453.743958711624	0.0083239736966526
99	9.643874	0.25763783	9.961514	8.5883045	9.613661	0.29287267	9.948152	8.332128	59.0	53.33	395999	3.5314138	3.4681926	13.426877	-17.19987	3.531429	3.4687014	13.125744	-15.789711	-3.6663744	0.5999183	7525.204719781876	0.00848280276519013
100	9.4182415	1.2882046	9.958543	-0.82621735	9.364579	2.178518	9.94945	-11.940154	55.75	56.78	399999	3.5267937	3.472433	13.800333	-16.17275	3.5267513	3.4733632	13.212413	-15.6075325	-3.6546342	0.60447705	7597.237956523895	0.00864466243833212
