Epoch	AverageEpRet	StdEpRet	MaxEpRet	MinEpRet	AverageTestEpRet	StdTestEpRet	MaxTestEpRet	MinTestEpRet	EpLen	TestEpLen	TotalEnvInteracts	AverageQ1Vals	StdQ1Vals	MaxQ1Vals	MinQ1Vals	AverageQ2Vals	StdQ2Vals	MaxQ2Vals	MinQ2Vals	LossPi	LossQ	Time
1	-220.14954	70.81648	-153.44925	-394.14798	-120.962494	26.939028	-80.75953	-254.83092	200.0	200.0	3999	-15.928075	11.30641	0.6314923	-47.50432	-15.92789	11.307391	0.65941805	-47.587715	15.670057	3.449159	35.62550616264343
2	-238.80069	79.61658	-134.15828	-386.8363	-65.516426	104.336296	-1.3477533	-382.68423	200.0	200.0	7999	-35.74304	21.749226	6.6800356	-82.88524	-35.743786	21.756037	7.2388935	-83.2287	34.11272	21.729048	80.82281517982483
3	-190.1441	125.88547	-5.096957	-392.53647	-73.74048	124.033424	-0.35151353	-379.0424	200.0	200.0	11999	-47.45251	32.759777	15.56011	-117.81691	-47.45527	32.764523	12.7399845	-117.6762	44.98104	43.161907	126.03551149368286
4	-21.500675	21.401457	-0.7413116	-85.901695	-35.844337	55.038433	-0.50290036	-383.2888	200.0	200.0	15999	-45.21358	48.88206	21.485727	-155.87965	-45.217804	48.882397	18.406235	-155.66254	43.19567	55.015766	171.3581783771515
5	-45.001045	29.3204	-2.0383267	-126.48489	-46.67296	80.245804	-0.8981791	-381.9446	200.0	200.0	19999	-38.29201	59.074192	24.275885	-188.02432	-38.29613	59.06806	21.93004	-187.67918	36.545578	58.585606	216.68947887420654
6	-39.13126	33.4638	-2.8815794	-132.12999	-41.09145	65.99509	-1.1141722	-383.59604	200.0	200.0	23999	-32.838364	63.62424	22.659071	-214.22987	-32.84156	63.61985	20.83692	-214.78423	31.582977	64.48424	262.0970890522003
7	-31.414051	24.475721	-0.6450555	-88.0987	-40.537277	57.521328	-0.46544573	-380.21707	200.0	200.0	27999	-28.216063	64.96959	21.11129	-234.76193	-28.217918	64.96572	21.746674	-235.46301	26.943598	65.20274	307.4697585105896
8	-49.080505	74.27232	-5.3818936	-357.21158	-34.09374	43.02218	-0.64949566	-380.92267	200.0	200.0	31999	-25.44998	66.356316	21.151737	-254.01709	-25.453125	66.35363	21.358313	-254.53076	24.542442	60.25825	352.47902250289917
9	-34.439293	35.815037	-1.2985113	-150.4023	-53.76041	87.705376	-0.5973351	-381.86963	200.0	200.0	35999	-22.854105	65.80377	21.998728	-270.63983	-22.855907	65.8037	22.032572	-269.46674	21.854952	55.743275	397.837632894516
10	-38.03459	46.51213	-1.8319892	-216.93533	-42.23645	64.79942	-1.4924681	-383.8077	200.0	200.0	39999	-21.963228	66.06013	19.827581	-285.8481	-21.963627	66.06089	20.288454	-285.1551	20.861633	48.308132	443.58330631256104
11	-54.159393	50.378834	-2.9096258	-217.2157	-33.860878	45.127888	-1.3742234	-376.93246	200.0	200.0	43999	-19.901167	65.870186	18.862957	-301.42407	-19.902348	65.871086	19.851324	-300.48358	18.825294	48.764305	489.1105122566223
12	-29.525646	18.844868	-5.489297	-68.27402	-34.865456	42.532276	-1.0777355	-378.48337	200.0	200.0	47999	-19.267586	65.69149	18.988224	-315.5776	-19.268488	65.69336	19.220879	-314.8912	18.740868	41.072742	533.8040506839752
13	-23.273535	22.7246	-0.67108124	-87.65896	-31.925508	41.022427	-0.99812955	-381.87015	200.0	200.0	51999	-17.62171	64.44067	17.68658	-327.56543	-17.622154	64.44289	19.124285	-327.29117	16.927614	40.825188	579.2382686138153
14	-30.686691	24.305492	-1.4714549	-92.33132	-35.42768	54.54829	-1.7635657	-381.1217	200.0	200.0	55999	-15.733969	62.87828	17.91093	-338.1452	-15.734785	62.882774	17.907444	-338.02554	15.244467	44.531197	624.6152806282043
15	-72.39816	105.41994	-10.615251	-383.05136	-45.58101	64.38143	-1.1149534	-379.03073	200.0	200.0	59999	-15.811685	65.54869	17.273188	-350.0656	-15.812205	65.551956	17.207457	-348.9158	15.344562	47.665215	670.3148236274719
16	-32.001976	25.576906	-0.36471042	-97.6617	-53.23861	86.61658	-0.827969	-383.78073	200.0	200.0	63999	-15.617676	66.2845	19.125284	-363.49564	-15.618271	66.28617	17.278755	-362.784	15.1951885	46.996304	715.4048476219177
17	-49.57609	45.21578	-3.2215855	-196.72856	-39.607445	56.452652	-0.33040386	-380.77313	200.0	200.0	67999	-14.837848	65.75568	22.066397	-371.69193	-14.838645	65.761086	22.618551	-370.84613	14.203785	49.554913	760.3120107650757
18	-29.719687	16.141321	-4.8570995	-72.686935	-38.97854	63.780155	-0.75215673	-380.79965	200.0	200.0	71999	-13.894279	65.503	19.784992	-381.7742	-13.8941765	65.50358	17.990461	-381.27567	13.411131	42.474964	805.483648777008
19	-61.3679	86.05513	-1.34288	-380.3148	-28.691614	31.898739	-0.7476548	-217.95229	200.0	200.0	75999	-13.82075	66.34319	20.093124	-389.0405	-13.820714	66.34518	19.468304	-388.27005	13.278816	52.133873	850.726322889328
20	-45.5381	79.76644	-0.36133772	-379.19412	-39.52566	64.29239	-0.6285217	-379.04874	200.0	200.0	79999	-13.635945	66.46073	19.534735	-397.0104	-13.636527	66.46139	18.460697	-396.51978	13.057428	41.78415	895.9473884105682
21	-32.47455	30.75761	-0.48099217	-125.220535	-28.6819	24.421965	-0.62183845	-131.8857	200.0	200.0	83999	-13.390773	67.63469	19.506313	-403.5869	-13.390391	67.632515	21.468983	-402.96542	12.973275	52.7208	941.2471041679382
22	-45.181793	80.80594	-1.2387241	-380.1138	-34.76842	54.026005	-0.8269513	-377.9651	200.0	200.0	87999	-12.183506	67.51683	21.050924	-411.06247	-12.184764	67.52136	20.14711	-410.5398	11.892647	47.6142	987.2978484630585
23	-46.747593	83.26839	-1.5534968	-382.29498	-32.816597	54.57458	-1.2860594	-383.30707	200.0	200.0	91999	-12.260209	69.52407	20.331415	-416.23108	-12.261316	69.52697	20.040648	-416.19046	11.783371	53.267475	1032.5631022453308
24	-24.19635	10.623324	-1.0115222	-46.20315	-34.542248	42.730957	-0.5225223	-382.58417	200.0	200.0	95999	-12.029648	70.20331	20.709494	-421.21564	-12.030397	70.208534	20.180502	-419.89215	11.675088	59.44772	1077.4715251922607
25	-46.974308	83.43005	-2.4656188	-381.59607	-41.172245	66.35773	-1.2006453	-383.6221	200.0	200.0	99999	-11.498458	70.606064	22.23986	-427.6262	-11.498931	70.609856	21.789726	-426.18784	11.189904	60.599857	1123.0544521808624
26	-29.884485	22.321829	-2.117472	-82.44057	-35.02387	43.910305	-0.6165092	-380.09827	200.0	200.0	103999	-10.570549	71.28019	21.74076	-430.09802	-10.570143	71.27531	21.419138	-428.3901	10.179061	60.692448	1168.9889023303986
27	-27.976154	27.03561	-1.1436933	-98.7786	-37.913406	54.471836	-1.6431205	-379.10654	200.0	200.0	107999	-9.798086	71.67803	22.056448	-433.74792	-9.798788	71.67956	22.171608	-433.2593	9.492125	54.04337	1214.792669057846
28	-26.331	19.314167	-1.6720319	-68.549675	-33.69869	55.289562	-1.6336429	-383.09836	200.0	200.0	111999	-9.256241	70.23347	22.043722	-440.3323	-9.257659	70.24269	20.57506	-438.56244	9.019849	52.151867	1259.7680251598358
29	-40.604553	81.73474	-1.3525774	-383.67105	-31.387634	41.33643	-1.0882183	-377.09195	200.0	200.0	115999	-8.989432	70.491234	21.096022	-448.29468	-8.989893	70.49368	20.771885	-446.78104	8.828636	41.45359	1305.1164019107819
30	-28.306234	24.546846	-3.0944839	-100.4504	-32.259216	27.953817	-1.7386879	-165.38495	200.0	200.0	119999	-8.856991	71.26166	23.036457	-451.6147	-8.857348	71.26482	23.426577	-450.8803	8.433985	58.30861	1350.7171776294708
31	-34.629593	28.996447	-2.7823558	-138.00978	-42.49651	65.219246	-0.21614762	-383.60562	200.0	200.0	123999	-8.373273	70.9789	22.311857	-455.74875	-8.373052	70.97866	21.709377	-454.21786	8.238175	57.976704	1396.1360232830048
32	-39.292213	81.53671	-0.69461495	-384.3002	-40.862015	64.78264	-0.61135757	-383.2378	200.0	200.0	127999	-8.126308	70.965645	22.024117	-459.5896	-8.126303	70.96722	21.575775	-458.94925	7.970679	58.38219	1441.7976050376892
33	-48.66304	81.2215	-1.4347203	-383.7	-31.661829	44.305782	-0.9209573	-383.59464	200.0	200.0	131999	-8.426291	72.13733	21.697603	-462.7968	-8.427141	72.137985	21.719202	-462.3274	8.196571	60.189144	1487.2580573558807
34	-38.7156	34.36785	-0.35644	-149.16331	-39.030678	55.909126	-0.9064112	-383.626	200.0	200.0	135999	-7.9999456	73.25184	24.684893	-466.09134	-8.000375	73.255035	23.105942	-465.2587	7.8692737	58.828312	1532.0467162132263
35	-65.61422	108.959274	-0.95783406	-383.9846	-32.462727	42.208218	-0.24282268	-376.74084	200.0	200.0	139999	-7.6672554	74.05324	23.39305	-470.8959	-7.667323	74.05563	22.432556	-469.62927	7.2721443	61.620777	1577.9216322898865
36	-39.82291	41.00699	-0.44942987	-157.1505	-34.121563	56.778133	-0.40603447	-383.12036	200.0	200.0	143999	-8.5513115	76.24277	23.052788	-476.72314	-8.552009	76.24593	23.445667	-476.3328	8.358049	56.14228	1623.2438237667084
37	-36.79415	32.647617	-1.1470102	-141.46455	-42.533466	63.9744	-2.6499639	-382.7383	200.0	200.0	147999	-8.986153	75.105034	21.716694	-480.2855	-8.986808	75.106476	21.616508	-479.11124	8.651091	62.93745	1668.2792518138885
38	-51.228004	79.72984	-10.853467	-383.36343	-45.082775	80.0713	-0.2111906	-381.75174	200.0	200.0	151999	-9.559974	74.51787	22.627796	-480.17062	-9.560129	74.515144	20.65168	-479.16568	9.218932	74.729294	1713.701072692871
39	-24.95927	20.802813	-2.9628735	-87.65506	-42.150352	56.371536	-1.242762	-381.80295	200.0	200.0	155999	-9.61184	75.07075	20.780369	-479.9895	-9.611413	75.065605	21.083153	-478.90594	9.577635	64.80879	1759.7791221141815
40	-32.038536	23.405872	-1.6017289	-81.64271	-46.946987	79.92002	-1.1319126	-383.58575	200.0	200.0	159999	-9.010278	74.616325	20.620956	-483.71628	-9.010358	74.61592	21.23183	-482.92145	8.664508	56.628117	1805.014420747757
41	-45.16125	80.82723	-1.1571031	-382.55548	-54.31758	92.47944	-0.7341628	-381.63748	200.0	200.0	163999	-8.817779	74.476746	20.112608	-487.26736	-8.817447	74.472206	21.478294	-486.55023	8.38875	57.91562	1850.1163821220398
42	-64.94199	109.25903	-0.8687923	-382.47574	-40.193386	65.33916	-0.21436684	-382.9332	200.0	200.0	167999	-9.453442	76.36824	21.379955	-488.59555	-9.454369	76.37572	20.553486	-487.70413	9.212971	65.28805	1895.6811492443085
43	-37.909386	54.716755	-0.77754515	-236.66797	-32.914093	43.708397	-0.47330537	-381.4207	200.0	200.0	171999	-10.285092	77.58065	20.960512	-490.63257	-10.284556	77.57741	19.60334	-489.6768	9.873107	68.352875	1941.4833633899689
44	-29.543766	23.723618	-0.88907456	-94.202736	-35.27551	43.27843	-0.91750807	-381.8185	200.0	200.0	175999	-9.554861	77.46516	20.312695	-491.2376	-9.555575	77.47086	20.350191	-490.75937	9.236199	66.60046	1986.4368801116943
45	-68.49156	109.04016	-5.335754	-384.48544	-29.331139	26.996672	-0.27236825	-161.10934	200.0	200.0	179999	-9.674601	78.31013	19.854269	-493.09225	-9.675005	78.3136	19.986877	-492.85593	9.496433	65.57539	2031.1680307388306
46	-28.123667	19.041306	-5.0167446	-92.1619	-37.219925	56.49467	-0.092151985	-380.2958	200.0	200.0	183999	-9.894293	79.33947	22.307652	-494.29825	-9.89419	79.335915	22.729877	-494.02634	9.83758	66.8032	2076.15767121315
47	-40.252472	32.346912	-2.2072563	-118.00846	-37.906517	63.57116	-1.066413	-382.14856	200.0	200.0	187999	-9.600317	78.762695	19.597996	-496.14667	-9.600946	78.76721	20.320261	-496.29764	9.288988	63.54178	2121.4284179210663
48	-37.29471	38.307114	-1.0659802	-153.14206	-35.918114	45.50506	-0.68809277	-382.60077	200.0	200.0	191999	-9.518308	78.11854	21.74414	-497.61707	-9.518748	78.12164	21.129827	-497.02386	9.200402	62.068996	2166.6786522865295
49	-54.140583	83.977	-2.4908416	-380.42215	-36.571346	56.902996	-0.2989316	-383.3098	200.0	200.0	195999	-9.913668	78.614586	21.248306	-501.46558	-9.913959	78.616554	19.953743	-500.85947	9.635523	53.431877	2212.196726322174
50	-44.226067	82.01063	-0.9104592	-383.38843	-36.717716	54.719166	-0.8035465	-383.0731	200.0	200.0	199999	-10.630227	79.77113	19.59203	-506.3365	-10.630468	79.77137	19.181803	-505.90714	10.458058	54.556538	2257.470004796982
51	-22.110247	13.179285	-1.0207043	-53.678272	-29.69634	26.98997	-0.73840916	-124.08031	200.0	200.0	203999	-11.176035	79.674904	18.208767	-506.9196	-11.177084	79.67795	18.444458	-506.44943	11.106672	64.59703	2303.239609479904
52	-46.627224	81.6998	-2.3032577	-384.2849	-45.743298	73.91276	-0.23065923	-383.80463	200.0	200.0	207999	-11.243564	79.399826	17.930647	-504.04968	-11.2432785	79.396736	18.091387	-503.2922	11.218342	93.50346	2349.101817369461
53	-31.172358	23.215199	-1.5803276	-87.00527	-28.44229	41.31742	-0.5254661	-378.78766	200.0	200.0	211999	-11.291898	78.41172	17.162977	-499.9237	-11.291671	78.41156	17.599352	-499.44998	11.0349245	65.86324	2394.1184997558594
54	-49.990456	79.7814	-1.3065814	-382.0042	-38.19673	66.00883	-0.29538807	-382.3791	200.0	200.0	215999	-11.808087	78.82698	15.883562	-499.87082	-11.808401	78.82775	17.355787	-499.7092	11.795706	73.058174	2438.9207055568695
55	-39.575054	80.08399	-0.94057465	-383.28604	-37.55624	65.51374	-1.0494486	-382.84155	200.0	200.0	219999	-10.9990225	79.06323	17.782644	-498.1079	-10.999948	79.06683	18.05585	-497.61438	10.778443	86.72017	2484.31747841835
56	-51.017395	79.76098	-1.9244139	-380.11176	-32.962353	41.909218	-0.89771986	-382.62354	200.0	200.0	223999	-10.815564	79.17216	18.041777	-496.8181	-10.815315	79.17171	17.99694	-496.24637	10.866866	65.509	2530.2430305480957
57	-43.071125	32.919434	-2.026558	-98.72822	-35.53436	43.179253	-0.55781233	-383.705	200.0	200.0	227999	-10.037806	78.524086	18.874258	-496.01096	-10.037724	78.52492	19.33516	-495.26532	9.984898	67.77063	2575.2352118492126
58	-31.468622	26.830236	-1.0313529	-98.70235	-47.917027	80.01209	-1.0228747	-383.79092	200.0	200.0	231999	-9.58933	78.67608	19.003683	-497.13513	-9.590191	78.67735	19.70531	-497.19583	9.3453045	55.903107	2620.453619480133
59	-39.249596	21.494772	-12.781171	-86.44106	-37.38646	56.97812	-0.8005229	-383.06085	200.0	200.0	235999	-9.533288	78.26583	17.500017	-499.30652	-9.5337515	78.267654	17.973602	-499.59573	9.228914	54.377678	2665.965129852295
60	-59.728325	110.262566	-0.7124965	-384.21387	-27.010662	41.28279	-1.3207066	-383.70923	200.0	200.0	239999	-10.629979	79.977806	18.105022	-502.3468	-10.630865	79.98205	17.795794	-501.4407	10.452101	68.8019	2710.5503511428833
61	-47.548496	38.90483	-1.8651689	-156.34628	-48.190277	65.209206	-5.9716773	-382.58743	200.0	200.0	243999	-10.902617	80.5139	18.780659	-502.22787	-10.90217	80.51126	17.400486	-501.43954	10.760876	52.058533	2756.0047459602356
62	-35.302223	30.13339	-5.1298556	-118.98336	-40.00514	65.976906	-0.5531916	-383.39313	200.0	200.0	247999	-9.7062435	80.65537	18.639502	-504.57678	-9.705487	80.65254	19.048264	-504.9409	9.492398	63.774624	2801.7400403022766
63	-33.62997	23.762074	-3.2088327	-80.8217	-40.290115	65.327965	-0.636691	-383.70773	200.0	200.0	251999	-9.19763	80.16848	20.403942	-506.331	-9.198318	80.17196	20.065147	-506.425	9.166992	59.642708	2847.1742465496063
64	-27.610722	17.775133	-0.8266954	-67.370544	-37.16879	55.404354	-0.3651956	-382.46045	200.0	200.0	255999	-9.577568	80.43384	20.888762	-509.10498	-9.577416	80.43397	19.493916	-509.77762	9.36952	52.838806	2892.6747303009033
65	-22.922709	18.635761	-1.3748761	-74.86394	-29.678526	40.768063	-0.62429607	-383.20645	200.0	200.0	259999	-9.544788	79.20959	19.548063	-507.52045	-9.546134	79.21633	19.950253	-507.90265	9.144117	74.16239	2938.4167964458466
66	-32.631382	27.732788	-1.0505097	-101.50132	-29.506556	23.847982	-1.4087291	-124.07099	200.0	200.0	263999	-9.212694	78.42884	18.249933	-507.0607	-9.212935	78.42875	19.17332	-508.31067	8.922326	62.919235	2983.9468829631805
67	-36.457558	30.652964	-1.1113681	-115.16741	-29.931154	26.474234	-1.1692291	-123.08709	200.0	200.0	267999	-8.979152	78.06736	19.845676	-503.98642	-8.979126	78.06283	21.072376	-503.84293	8.787812	69.15656	3029.3768739700317
68	-28.229788	28.202568	-1.361162	-97.279594	-33.033585	42.134785	-0.975094	-379.16214	200.0	200.0	271999	-9.158373	77.750565	17.551874	-503.23965	-9.158367	77.75186	18.596111	-503.3082	8.75407	52.999306	3075.3088586330414
69	-30.374279	29.514948	-0.64474905	-133.8004	-41.027565	73.81645	-0.5313708	-383.4061	200.0	200.0	275999	-9.252133	76.427574	16.465328	-505.69797	-9.252489	76.43148	16.394619	-505.35922	9.064123	61.02709	3120.9332327842712
70	-25.845633	24.645016	-1.119729	-85.37996	-44.100704	64.79758	-1.2072791	-381.70853	200.0	200.0	279999	-9.331302	76.46809	17.423052	-504.30338	-9.331807	76.46918	18.440472	-504.13654	9.18782	57.947083	3166.480548620224
71	-28.466198	30.241299	-0.77327925	-117.90808	-41.830082	56.64833	-1.0516361	-383.36572	200.0	200.0	283999	-8.659779	75.80501	18.827175	-503.63788	-8.659383	75.79937	20.320293	-503.22867	8.421507	59.41812	3212.0532150268555
72	-23.110926	12.832287	-0.66144705	-55.447826	-30.608383	24.745378	-0.6125209	-128.17465	200.0	200.0	287999	-8.303847	74.82239	17.922682	-505.92355	-8.303913	74.826805	19.435488	-503.9934	8.340669	58.178406	3257.9836931228638
73	-37.64073	26.884247	-0.83833045	-86.64523	-45.1355	72.23175	-0.6270613	-381.74426	200.0	200.0	291999	-7.335042	74.36048	18.625488	-503.1952	-7.3348913	74.35911	18.526852	-502.78494	7.146026	64.69059	3303.626706838608
74	-48.830498	81.132164	-1.1741167	-381.97546	-35.482914	42.54985	-0.34779626	-381.14337	200.0	200.0	295999	-7.7079587	74.53332	20.18341	-500.22244	-7.7086706	74.53841	20.453041	-500.20673	7.5482264	47.776222	3348.1680562496185
75	-24.214487	23.93485	-1.0932204	-91.51052	-40.292454	64.51664	-2.9895759	-383.56448	200.0	200.0	299999	-6.688115	73.658875	19.20068	-501.65573	-6.687738	73.65959	18.180058	-501.9738	6.631944	62.431946	3393.4107642173767
76	-24.664795	29.673138	-4.833782	-129.53336	-35.905067	42.86814	-0.67379934	-377.36478	200.0	200.0	303999	-6.7933555	73.50054	23.014809	-498.62054	-6.7935076	73.500275	22.19296	-497.74124	6.869585	66.431145	3439.225699901581
77	-56.895058	81.758736	-1.1157224	-382.29895	-32.398895	28.01988	-1.4651401	-164.5563	200.0	200.0	307999	-7.0933237	73.67462	18.27952	-494.3779	-7.093187	73.6748	18.698896	-495.8109	6.975595	47.78914	3484.4968354701996
78	-42.116936	61.752525	-1.4236785	-291.98334	-46.503223	66.12017	-0.606687	-381.49554	200.0	200.0	311999	-7.930983	74.24145	18.184965	-498.83392	-7.9319115	74.24404	17.682922	-499.03735	7.744665	41.685078	3529.7054171562195
79	-66.49848	108.417404	-3.66739	-384.3467	-34.228302	54.615917	-1.0302556	-379.8294	200.0	200.0	315999	-8.163589	74.10393	17.898066	-498.52847	-8.163742	74.10697	19.745817	-498.1532	8.148124	66.08828	3575.3851296901703
80	-51.622276	80.23275	-0.99237317	-382.5633	-42.790718	72.6693	-1.0504634	-383.6823	200.0	200.0	319999	-9.098968	74.97574	17.682156	-495.8819	-9.099408	74.975174	18.012674	-496.4792	9.07446	63.752193	3620.5970582962036
81	-39.805138	35.219418	-2.3268714	-158.62848	-30.658669	40.528084	-0.08828935	-377.67792	200.0	200.0	323999	-9.511374	75.22411	17.322926	-491.4346	-9.512303	75.22678	20.353943	-490.8811	9.2561	46.52611	3666.0008506774902
82	-50.8878	80.69585	-0.57374716	-382.76785	-41.94448	57.19089	-0.8262408	-382.352	200.0	200.0	327999	-9.555208	74.244415	15.861249	-493.4366	-9.555602	74.25048	15.815096	-493.96475	9.604791	54.516563	3711.7608976364136
83	-44.37559	41.842598	-0.9178354	-168.69954	-31.874233	27.579163	-0.08803748	-127.37806	200.0	200.0	331999	-10.469364	75.133415	17.061853	-493.94342	-10.470474	75.137955	18.071648	-494.128	10.340224	56.563255	3757.503676891327
84	-35.961224	31.926172	-0.3020246	-119.48458	-39.655125	66.17564	-0.8005253	-383.45337	200.0	200.0	335999	-9.901226	74.19479	16.361383	-494.46033	-9.901783	74.198875	15.087317	-494.80417	9.752163	61.763172	3802.8872764110565
85	-32.158512	21.52936	-2.2273839	-75.332825	-36.53805	64.04524	-0.30412865	-381.84412	200.0	200.0	339999	-9.709482	73.35777	15.113573	-489.85297	-9.708796	73.354126	16.453402	-490.4094	9.787638	54.078365	3848.083573579788
86	-26.372097	22.619894	-1.5507219	-78.442154	-47.90042	73.188736	-0.14947036	-383.3691	200.0	200.0	343999	-10.3046	74.10804	16.107246	-491.5583	-10.304358	74.10412	15.122044	-491.30368	10.4746065	51.569546	3893.9604258537292
87	-44.383614	79.076485	-3.2278132	-381.19577	-42.79917	72.81632	-0.6162157	-382.60635	200.0	200.0	347999	-10.089233	73.03304	15.261828	-489.68475	-10.089054	73.02896	16.89218	-489.43436	9.884311	60.48051	3939.028870344162
88	-32.276783	25.668915	-0.25087336	-81.36474	-38.88052	57.62106	-0.4240197	-380.55917	200.0	200.0	351999	-10.235685	73.66157	14.549562	-491.3936	-10.236059	73.66595	14.8975935	-491.56537	10.346439	60.140537	3984.1884417533875
89	-37.66999	29.970602	-0.42258143	-116.15952	-34.031937	26.247051	-0.86086595	-133.90837	200.0	200.0	355999	-9.946126	72.767746	14.024723	-486.3993	-9.946565	72.771034	14.753145	-486.11423	9.731272	51.876404	4030.0259709358215
90	-23.82612	23.295933	-0.74313515	-83.61759	-34.443554	30.669834	-0.16329929	-159.56433	200.0	200.0	359999	-9.727076	72.38946	16.17524	-484.806	-9.727378	72.38902	17.708792	-484.49695	9.685422	57.601963	4074.5519630908966
91	-28.652685	21.94042	-0.5287317	-89.0264	-30.1924	27.305952	-0.5781283	-164.28421	200.0	200.0	363999	-9.720454	71.741684	14.408646	-483.20618	-9.720827	71.74439	15.556153	-483.66772	9.681648	49.3597	4119.205205202103
92	-52.460777	78.94684	-1.0034072	-378.61353	-33.49491	44.617966	-1.3425344	-383.59018	200.0	200.0	367999	-9.445169	71.7449	16.74913	-480.9134	-9.445092	71.74497	16.464636	-481.30234	9.350707	66.96222	4164.759958982468
93	-61.429756	81.544075	-4.183539	-378.2639	-27.736765	41.597694	-0.3252694	-383.53995	200.0	200.0	371999	-9.564579	71.524796	16.947617	-474.9701	-9.565585	71.52914	16.253752	-476.00046	9.445969	58.256413	4210.704638004303
94	-28.263672	24.420557	-0.34099287	-94.36057	-41.552635	64.2228	-0.57521755	-382.96976	200.0	200.0	375999	-9.493344	70.923706	16.707434	-474.4708	-9.493621	70.92859	16.872486	-474.04977	9.19446	43.93652	4256.381636619568
95	-62.417442	109.22249	-1.2768178	-383.21716	-33.154022	43.60372	-0.18257844	-383.81427	200.0	200.0	379999	-10.44295	72.17278	15.769081	-476.93076	-10.442876	72.17004	15.090054	-476.90436	10.428662	43.603134	4301.379159212112
96	-42.359013	79.03204	-0.6930131	-379.8006	-39.34911	64.90143	-0.29559147	-383.64078	200.0	200.0	383999	-9.9683485	71.93674	15.470208	-475.1474	-9.968534	71.93182	16.165537	-475.32242	9.943619	56.203255	4346.912634134293
97	-27.856777	22.446552	-0.6219713	-85.98715	-29.254309	53.18534	-0.65922016	-381.16556	200.0	200.0	387999	-10.284954	71.71549	14.8794155	-472.97906	-10.2849865	71.718994	15.167985	-472.88245	10.329876	46.584297	4392.221743583679
98	-23.091076	19.699865	-0.7240214	-76.68037	-32.371624	25.896978	-0.06059321	-106.11066	200.0	200.0	391999	-10.615875	72.0529	14.515324	-474.18866	-10.616665	72.05633	16.473871	-474.47394	10.580595	45.516525	4437.4206466674805
99	-46.044746	79.94983	-1.0537041	-382.89822	-29.865507	25.623058	-0.53550047	-115.95342	200.0	200.0	395999	-11.182097	71.55443	13.908764	-472.38815	-11.1812315	71.54926	14.568659	-471.4612	10.9635	68.165535	4483.0799515247345
100	-29.477026	33.374844	-0.6915112	-114.664825	-37.22876	56.069202	-0.58301616	-378.44824	200.0	200.0	399999	-11.720464	71.46548	13.037776	-467.80258	-11.72072	71.464485	13.492534	-467.6521	11.410365	53.205326	4528.44291639328
