Epoch	AverageEpRet	StdEpRet	MaxEpRet	MinEpRet	AverageTestEpRet	StdTestEpRet	MaxTestEpRet	MinTestEpRet	EpLen	TestEpLen	TotalEnvInteracts	AverageQ1Vals	StdQ1Vals	MaxQ1Vals	MinQ1Vals	AverageQ2Vals	StdQ2Vals	MaxQ2Vals	MinQ2Vals	LossPi	LossQ	Time	sigma
1	-251.11209	93.15005	-146.04626	-393.14258	-107.1279	67.164505	-6.7953544	-192.32692	200.0	200.0	3999	-6.1099405	4.3850865	0.32404134	-16.92034	-6.109693	4.386301	0.583226	-16.901318	5.985378	0.49299097	56.249913454055786	0.012361678039025676
2	-235.75447	86.94517	-140.75027	-384.2457	-24.399673	40.263645	-0.53807265	-401.75214	200.0	200.0	7999	-13.438312	7.8744473	2.7122884	-30.673996	-13.438377	7.879025	2.750569	-30.416403	12.886041	2.3406432	128.54576897621155	0.014771618363268584
3	-128.32214	115.28996	-7.245045	-373.86694	-22.909134	14.813466	-0.26755676	-72.9063	200.0	200.0	11999	-15.77873	11.094705	4.7293043	-43.072365	-15.77829	11.098514	4.8529897	-42.389706	14.884942	4.0160503	199.68203568458557	0.011855606551618778
4	-21.461948	18.743662	-1.0072404	-81.12003	-24.529482	16.249372	-0.5378221	-83.65519	200.0	200.0	15999	-12.228812	14.73133	6.8886995	-51.65389	-12.228586	14.73071	6.7437124	-51.840755	11.421851	3.8460617	271.44270491600037	0.01072200394720594
5	-16.22864	11.530444	-0.67782223	-46.376446	-24.566633	14.480288	-0.09817416	-79.03541	200.0	200.0	19999	-8.694322	15.199678	7.6487894	-56.563606	-8.694366	15.19995	7.2193108	-56.76553	8.042979	3.295951	343.67684388160706	0.009134818121515753
6	-20.681917	15.675355	-1.1306396	-65.35766	-23.007715	12.848319	-1.0725687	-66.23136	200.0	200.0	23999	-6.5666575	14.223018	6.6989703	-58.205452	-6.566676	14.223003	6.5908947	-58.366467	6.0227003	2.4013257	415.2961902618408	0.010080441766866654
7	-23.854641	11.017392	-0.6785322	-58.2362	-20.15652	11.253046	-0.7418825	-51.735813	200.0	200.0	27999	-5.3773556	13.079401	5.848839	-58.299526	-5.3772955	13.078465	5.7720113	-58.30349	4.941701	2.1531157	487.28304648399353	0.009116575853233435
8	-19.973537	8.465522	-2.8985186	-41.19483	-21.051235	10.54169	-0.7800684	-44.772266	200.0	200.0	31999	-4.803135	12.365088	5.194745	-57.619427	-4.803206	12.364537	5.3635125	-57.421535	4.460851	1.8012283	558.8134906291962	0.010262523337182975
9	-25.216978	14.953424	-1.117849	-64.67597	-22.639582	13.314341	-0.5177825	-54.317207	200.0	200.0	35999	-4.3801064	11.808518	4.103711	-56.963383	-4.380106	11.808267	4.1711845	-57.097015	4.075242	1.5836568	629.1513390541077	0.008743354751087071
10	-20.789366	9.701401	-2.0485852	-46.397465	-21.40236	15.410991	-0.12466049	-68.8052	200.0	200.0	39999	-4.1645913	11.452832	4.150421	-57.15183	-4.1646223	11.452612	3.493711	-56.92864	3.8709152	1.5586208	700.4057364463806	0.00908928073409966
11	-17.218716	7.427049	-1.4806479	-27.377943	-20.329374	13.743302	-0.63404006	-84.19831	200.0	200.0	43999	-3.9181893	11.096554	3.8843205	-56.94136	-3.9182441	11.096525	3.3501925	-56.88408	3.6550767	1.3803753	772.459851026535	0.008901284710877455
12	-21.165442	19.700006	-0.51826316	-90.588715	-22.303848	13.878445	-0.7539852	-82.43936	200.0	200.0	47999	-3.7613816	10.913417	2.819044	-57.56718	-3.761438	10.913487	2.869618	-57.388626	3.5425222	1.2126163	844.5418589115143	0.008717177059659735
13	-17.081337	12.247563	-0.9093296	-49.720036	-19.750452	13.342843	-0.5934379	-60.941437	200.0	200.0	51999	-3.6148694	10.697644	2.5574334	-58.517242	-3.6148152	10.697219	2.3986342	-58.378002	3.3821247	1.120779	915.009170293808	0.008368667146562954
14	-22.763508	17.106667	-0.85837644	-67.370285	-19.794945	10.405677	-0.2613444	-49.486427	200.0	200.0	55999	-3.4193456	10.347988	2.2813768	-58.42697	-3.4193215	10.347653	2.6374433	-58.282127	3.2222872	1.1934042	985.448150396347	0.008360306839723232
15	-17.190311	16.18598	-0.3872114	-69.169044	-21.603395	14.125087	-0.90769476	-72.07077	200.0	200.0	59999	-3.3252797	10.1281395	2.6022115	-58.676083	-3.3253253	10.127817	2.6892855	-58.35306	3.1060996	1.0964726	1057.7499656677246	0.008351954884838394
16	-21.280058	13.500093	-1.0338243	-50.326294	-21.896154	13.413819	-0.58221614	-64.21811	200.0	200.0	63999	-3.2731357	9.990615	2.277496	-58.675854	-3.2731194	9.989975	3.2937908	-58.755756	3.104157	1.0452764	1130.106015920639	0.00959076600424149
17	-15.8923645	7.9961114	-1.0611559	-26.043829	-19.29271	12.355488	-0.051363766	-52.903717	200.0	200.0	67999	-3.201525	9.754868	1.9004074	-59.379604	-3.2015748	9.75468	2.2910275	-59.075005	3.0419626	0.85044384	1201.5887768268585	0.008673721627525244
18	-19.904984	16.312872	-0.52167684	-67.97441	-20.661613	14.433765	-0.8213375	-88.77057	200.0	200.0	71999	-3.1229393	9.491552	2.1858716	-58.73892	-3.1229804	9.491073	1.9700701	-58.76508	2.961253	0.9145771	1271.9380457401276	0.007101399197885436
19	-23.67436	11.811807	-2.2917676	-49.608685	-18.52028	11.806932	-0.3923491	-51.129993	200.0	200.0	75999	-3.0724356	9.367091	2.1503508	-58.905125	-3.072506	9.366915	2.6646338	-58.51216	2.9219813	0.90666574	1343.663789510727	0.006295835381080932
20	-17.4149	7.7625914	-1.8005841	-41.458088	-18.995575	12.633761	-0.040234145	-76.265755	200.0	200.0	79999	-3.012481	9.214504	2.414682	-59.08813	-3.0125718	9.214015	2.1645017	-59.22796	2.835971	0.8767087	1415.2849366664886	0.007674441183963004
21	-22.606945	13.183693	-3.0724118	-69.4852	-20.901247	13.220183	-0.16394177	-68.83502	200.0	200.0	83999	-2.9046218	9.030333	1.9549806	-59.25662	-2.9045858	9.0300045	1.5275655	-59.09459	2.763437	0.75956285	1485.4899373054504	0.006669809832409486
22	-24.013216	11.973042	-8.051829	-59.893593	-21.625673	14.474078	-0.44461477	-65.352684	200.0	200.0	87999	-2.8194785	8.874002	2.149174	-59.494522	-2.81943	8.873469	2.4687595	-59.138824	2.6674337	0.85158384	1556.493017911911	0.0066631466857237625
23	-21.727345	15.340012	-0.4747225	-60.13442	-22.102257	14.812935	-0.355246	-77.434975	200.0	200.0	91999	-2.7916913	8.77671	1.7879237	-59.789104	-2.7917013	8.776398	1.7256608	-59.656685	2.6276484	0.7546182	1627.9798502922058	0.0072080250441753195
24	-16.238964	10.942105	-0.743264	-43.795063	-18.943035	13.5967045	-0.12066828	-72.858635	200.0	200.0	95999	-2.7236602	8.628105	1.7607988	-59.579933	-2.7236857	8.627977	1.7995169	-59.842686	2.6168218	0.77540016	1699.769407749176	0.006390365875269944
25	-18.562023	13.089501	-0.60828435	-67.396904	-23.515713	13.971897	-0.16561222	-74.49043	200.0	200.0	99999	-2.6861892	8.517841	1.5819048	-59.670807	-2.6862154	8.51756	1.5369971	-59.617	2.5763848	0.6204331	1772.2690834999084	0.006383981893376568
26	-25.098766	17.84417	-1.016541	-86.22541	-20.392885	11.842138	-0.18632859	-60.866295	200.0	200.0	103999	-2.6735	8.382938	2.0062559	-59.539894	-2.6734931	8.382623	1.7964711	-59.632355	2.5446665	0.5895004	1843.5533876419067	0.006769955465425726
27	-16.93685	9.43043	-0.22952323	-39.010017	-20.381275	13.198463	-0.56584895	-61.87151	200.0	200.0	107999	-2.63843	8.317092	1.6106402	-59.956543	-2.6384015	8.316649	1.4421864	-60.023285	2.531581	0.7086679	1914.2448844909668	0.005654145839558848
28	-21.563229	10.579756	-0.16067927	-39.925156	-19.392244	11.895288	-0.14920951	-69.84156	200.0	200.0	111999	-2.593398	8.191193	1.2271719	-60.246475	-2.5933993	8.1909485	1.6558998	-60.257935	2.501654	0.5508867	1985.2911550998688	0.0053211400075812276
29	-22.828167	15.159632	-0.8317146	-60.322254	-20.500864	14.011525	-0.1404835	-70.162605	200.0	200.0	115999	-2.585076	8.177141	1.6010594	-60.420395	-2.5850902	8.177041	1.2103142	-60.356842	2.4830914	0.653006	2058.209450006485	0.007023750475142822
30	-22.628023	19.385956	-0.17895919	-78.2844	-20.804617	10.830297	-0.18766895	-58.605762	200.0	200.0	119999	-2.505778	8.088179	1.4836953	-60.19586	-2.5057747	8.087769	1.4962677	-60.03945	2.428913	0.5986757	2129.7271060943604	0.005310513669728101
31	-22.909317	10.711793	-7.0942907	-58.5193	-19.060238	12.314987	-0.20635286	-67.48043	200.0	200.0	123999	-2.428122	7.9600916	1.484396	-60.255314	-2.428119	7.9597135	1.7546662	-59.841248	2.3403203	0.5366028	2201.730270385742	0.006345811708935864
32	-22.297215	12.066933	-0.16378978	-54.77717	-19.113895	12.592148	-0.049065802	-72.36641	200.0	200.0	127999	-2.4104311	7.925184	1.3813794	-60.07354	-2.4104598	7.9249535	1.5865388	-60.006744	2.3164806	0.5230143	2273.0845935344696	0.005625959725048625
33	-16.53005	13.577353	-0.18716179	-49.328014	-22.015541	14.747558	-1.0632167	-87.0843	200.0	200.0	131999	-2.3608105	7.824963	0.95582354	-61.304398	-2.360752	7.824626	1.4956514	-61.10461	2.3004336	0.59868395	2344.6176290512085	0.01747427445536123
34	-19.873129	17.82384	-0.4310686	-64.01976	-21.425898	13.612645	-0.33398962	-67.01449	200.0	200.0	135999	-2.3865378	7.783381	1.2495253	-60.727898	-2.38658	7.7831855	1.828985	-60.44842	2.2811196	0.5699611	2417.0040562152863	0.0072725075739660154
35	-21.335197	12.777426	-1.8039942	-49.075867	-23.480463	14.337349	-0.7443488	-66.662415	200.0	200.0	139999	-2.3458476	7.656716	1.2706976	-60.252445	-2.3458748	7.656504	1.0491911	-60.03139	2.263344	0.5553107	2488.0087761878967	0.007560240303920489
36	-20.013102	11.841642	-0.480694	-49.723827	-18.20699	10.463934	-0.11229722	-61.667454	200.0	200.0	143999	-2.338007	7.610544	1.4833249	-60.058113	-2.3379734	7.610106	1.6309128	-59.929394	2.2573178	0.5144236	2558.1638436317444	0.0069747802983068435
37	-18.354649	16.511477	-0.15174262	-68.905556	-21.93421	14.555213	-1.7280493	-79.0259	200.0	200.0	147999	-2.2923489	7.5443463	0.92190874	-60.78832	-2.2923546	7.544021	1.2923582	-60.74477	2.2261631	0.5440109	2628.364414691925	0.006830519052858566
38	-17.562016	8.899337	-0.630609	-36.143536	-21.1607	11.90715	-0.89332527	-69.29916	200.0	200.0	151999	-2.2818034	7.516793	2.3532383	-60.755928	-2.2817776	7.516147	1.4964079	-60.299	2.2115805	0.5105487	2699.055289030075	0.012645756183021686
39	-21.358	17.973207	-0.2733784	-85.99094	-20.4511	13.846224	-0.61339056	-68.62877	200.0	200.0	155999	-2.2535815	7.462787	1.2929379	-60.91628	-2.2536259	7.4628377	0.9026463	-60.50186	2.1821764	0.44794902	2771.1307804584503	0.006816878479022042
40	-25.084515	10.71964	-0.26900488	-52.31947	-22.413425	13.369549	-1.8841232	-78.64804	200.0	200.0	159999	-2.2084532	7.358682	1.1704067	-60.685146	-2.2084308	7.3584332	1.3892968	-60.21109	2.1439228	0.4330523	2841.9648921489716	0.008820784114204498
41	-23.425686	12.831327	-4.7848034	-60.44907	-18.934887	13.166132	-0.65575814	-80.311584	200.0	200.0	163999	-2.2182245	7.3407574	1.1623249	-60.39538	-2.2182243	7.3402934	0.8791912	-60.26168	2.1593702	0.4049253	2913.9076092243195	0.009169773547038464
42	-16.721079	9.144191	-0.6407256	-33.629673	-21.024696	12.222683	-0.44345966	-57.019463	200.0	200.0	167999	-2.2216125	7.272978	1.416415	-61.08222	-2.2216268	7.272566	1.1307921	-60.44196	2.1576176	0.4968622	2985.2018117904663	0.007359601681252362
43	-22.136795	12.082969	-0.8443435	-46.00558	-19.544184	13.402098	-0.8085131	-68.02542	200.0	200.0	171999	-2.2032447	7.213551	0.7953584	-60.59005	-2.2032182	7.2132783	0.84324557	-60.306946	2.1380615	0.52420056	3056.932323217392	0.010946497539332214
44	-20.316292	12.602704	-1.5258758	-56.565773	-21.445585	14.141796	-0.77015764	-65.42118	200.0	200.0	175999	-2.1820965	7.1623883	0.82244325	-61.746693	-2.1821556	7.1622767	0.7435663	-61.50373	2.1066704	0.46546146	3127.7979876995087	0.0063897949538211105
45	-17.583767	14.8092375	-0.86582583	-68.657196	-21.313488	13.563436	-0.70572656	-70.057205	200.0	200.0	179999	-2.1439035	7.1531744	0.87724596	-60.53558	-2.1439164	7.1530194	0.7411071	-60.431374	2.0852954	0.3951578	3199.7092249393463	0.015322644915353607
46	-20.992552	7.497529	-5.289787	-37.967354	-21.618507	12.509023	-0.6457314	-69.29402	200.0	200.0	183999	-2.1346288	7.1356792	1.0368668	-60.47504	-2.1346505	7.135215	0.69037807	-60.30932	2.0893457	0.41394666	3272.275129556656	0.01279719924918827
47	-22.800722	17.504803	-0.7174769	-74.02164	-20.715012	11.962152	-0.6597814	-80.05798	200.0	200.0	187999	-2.135634	7.0940986	0.8158063	-60.95246	-2.13559	7.093413	0.6597218	-60.37521	2.0624354	0.42054656	3341.97682595253	0.009298157392515294
48	-18.73524	10.958098	-0.9756135	-47.586704	-22.430977	14.47234	-0.94224036	-70.95658	200.0	200.0	191999	-2.1216745	7.009318	1.0297146	-60.929142	-2.121648	7.008716	0.81621516	-60.808342	2.0606298	0.3068327	3412.954174041748	0.010677314838482622
49	-15.201813	8.150048	-1.0473679	-28.3565	-20.877378	11.528307	-1.3621018	-58.43186	200.0	200.0	195999	-2.1274965	6.9654455	0.6748432	-61.09298	-2.1275337	6.9654713	0.6068463	-60.857063	2.072447	0.36071536	3483.717802286148	0.014093745900914835
50	-19.727375	8.581048	-2.1621506	-42.819553	-20.258232	12.414151	-0.65037936	-63.883183	200.0	200.0	199999	-2.0951211	6.8559966	0.66843593	-61.360123	-2.0951638	6.8556685	0.61688495	-60.904373	2.038916	0.34186798	3555.778909921646	0.011311550442924076
51	-15.394455	9.3468275	-0.7833519	-35.18332	-23.216585	14.80347	-0.83283603	-68.101364	200.0	200.0	203999	-2.0507305	6.764832	0.7041188	-60.279194	-2.050716	6.7645802	0.64081824	-59.767883	1.9850688	0.47602612	3627.0066900253296	0.014930918503346146
52	-22.364798	11.680561	-1.4073616	-52.919025	-20.25753	12.614757	-0.83553195	-57.183937	200.0	200.0	207999	-2.0239422	6.7665105	0.8367414	-60.65176	-2.023889	6.765928	0.51875347	-60.548355	1.9769998	0.37322253	3698.8854377269745	0.012976369829848304
53	-20.387606	14.921293	-1.751209	-59.180958	-19.944569	12.738797	-0.3754076	-52.728085	200.0	200.0	211999	-2.0207639	6.7128496	0.9753935	-60.459705	-2.0207865	6.7127557	0.8678097	-60.104153	1.9481354	0.36864904	3769.6255226135254	0.01296340642342488
54	-27.088833	16.805359	-4.702059	-62.932346	-22.373314	15.038473	-0.8239216	-69.22301	200.0	200.0	215999	-2.030922	6.7126746	0.68895406	-60.785294	-2.0309083	6.712611	0.9152367	-60.10256	1.9831359	0.34469634	3839.8814795017242	0.014305360195817036
55	-18.048649	9.702553	-1.2245257	-49.791714	-21.138847	14.731268	-0.6250032	-75.394424	200.0	200.0	219999	-2.0213058	6.646243	0.7680929	-60.510162	-2.02133	6.6460214	0.715934	-59.97683	1.945073	0.35454237	3910.605823993683	0.01148139072442615
56	-21.28662	9.795128	-7.1608295	-51.083794	-20.384546	13.49066	-0.4463579	-76.69978	200.0	200.0	223999	-2.0011027	6.6042852	0.8110807	-60.639996	-2.001123	6.604216	0.6886331	-59.900764	1.9285994	0.30217156	3981.5304050445557	0.009400110169815548
57	-19.574337	10.324171	-1.1132835	-47.08876	-19.751362	10.411385	-0.6604149	-54.74849	200.0	200.0	227999	-1.9927909	6.6052623	0.87432146	-60.35299	-1.9928223	6.6051087	1.4003941	-59.678684	1.9398904	0.30561733	4052.5825650691986	0.010168803527499978
58	-19.09188	10.192387	-0.2962316	-42.29473	-21.92066	13.843363	-0.3438305	-60.31128	200.0	200.0	231999	-1.9593967	6.557316	0.90922964	-59.856007	-1.959344	6.556545	0.57095826	-59.948364	1.915318	0.39439648	4124.082203388214	0.008325461239669322
59	-26.748875	17.8525	-0.6391905	-65.00477	-18.82345	13.174505	-0.016707214	-54.07703	200.0	200.0	235999	-1.9653221	6.55049	0.7787625	-60.03535	-1.965327	6.550235	0.9808938	-59.539055	1.904098	0.27261025	4195.682649374008	0.007835125966157907
60	-23.192768	16.921032	-0.6197247	-67.92654	-21.559898	14.090904	-0.7632797	-62.048443	200.0	200.0	239999	-1.9834905	6.5597076	0.59207064	-60.384663	-1.9834956	6.559405	0.57315326	-60.122562	1.9355017	0.42324987	4267.37619805336	0.011888022118461487
61	-19.078602	13.567109	-3.6337352	-58.285152	-21.291435	15.840223	-0.20668201	-98.05648	200.0	200.0	243999	-1.9804639	6.514374	0.58725226	-59.786697	-1.98046	6.51426	0.5302946	-59.60267	1.9428343	0.39512435	4339.380931377411	0.007221157838946606
62	-19.728724	10.5124445	-2.1420665	-49.69173	-21.121815	13.581637	-1.001899	-62.790573	200.0	200.0	247999	-1.9749575	6.4815426	0.5943726	-60.37679	-1.9749771	6.4813523	0.50281763	-59.569794	1.9381047	0.28014556	4411.804956912994	0.012102753752783232
63	-24.282421	14.110739	-1.3003137	-54.02439	-23.69181	13.324251	-1.2074188	-77.77718	200.0	200.0	251999	-1.9706659	6.4656386	0.7312272	-59.73893	-1.9706994	6.4654813	0.8858414	-59.29929	1.9555238	0.3758875	4483.888053655624	0.014752906678410567
64	-19.150633	9.898606	-1.0926702	-42.210594	-18.700733	10.613502	-0.52744865	-55.1542	200.0	200.0	255999	-1.9679952	6.4700003	0.42054754	-59.63733	-1.968022	6.4699116	0.51909256	-59.409225	1.9203259	0.27907497	4555.850680112839	0.010300873683380375
65	-20.886375	12.480063	-0.8396301	-50.884094	-19.886219	12.522225	-0.07615937	-64.294334	200.0	200.0	259999	-1.9748849	6.4831996	0.5812676	-59.904774	-1.974888	6.4829516	1.3319911	-59.56102	1.9266462	0.34985748	4627.368891954422	0.008776028068419853
66	-21.315054	11.204509	-0.88100964	-47.923046	-20.777765	11.559378	-0.72388476	-51.91178	200.0	200.0	263999	-1.924919	6.387426	0.5387477	-60.079372	-1.9249363	6.387069	0.4063593	-59.97809	1.8860078	0.3223913	4697.749663352966	0.010280302797482615
67	-29.726368	13.919081	-10.004442	-56.246567	-21.525148	12.941503	-0.286899	-65.055275	200.0	200.0	267999	-1.9180546	6.373324	0.5839515	-60.209522	-1.9180481	6.3730216	0.31640345	-59.87671	1.8803412	0.27010432	4770.142533779144	0.006897899742622316
68	-20.247963	10.912079	-1.575382	-41.638256	-20.708847	13.981715	-0.6861287	-72.18815	200.0	200.0	271999	-1.8935126	6.357183	0.35178104	-59.604156	-1.8935249	6.356773	0.42583662	-59.281044	1.8306711	0.31338963	4842.139754295349	0.0056474881029042676
69	-20.85528	11.006974	-0.73396975	-50.97563	-22.115934	12.287534	-0.93909407	-55.44398	200.0	200.0	275999	-1.8826284	6.367842	0.439011	-59.568462	-1.8826687	6.367904	0.53362954	-59.342144	1.8394932	0.389774	4912.660767793655	0.005006852089527038
70	-19.79813	11.231863	-0.8296961	-48.4862	-22.224998	15.563883	-0.516468	-76.901436	200.0	200.0	279999	-1.8421272	6.271679	0.52511096	-59.59045	-1.842097	6.271089	0.61952394	-59.106895	1.7915617	0.39331666	4982.834468603134	0.005865062775695308
71	-16.519094	12.184812	-1.2638917	-48.856094	-21.943584	14.636574	-0.56476057	-73.668304	200.0	200.0	283999	-1.8359733	6.312531	0.7931659	-59.372925	-1.8360314	6.312346	0.6906801	-59.155464	1.7934122	0.35160208	5053.257026433945	0.009636232645375144
72	-24.977356	17.309937	-1.1682148	-70.12634	-22.4951	13.498741	-0.6578735	-74.378006	200.0	200.0	287999	-1.8478198	6.3379636	0.48842418	-59.636803	-1.8478135	6.3375998	0.38656592	-59.56807	1.7981876	0.32873273	5125.054754972458	0.011746288807700503
73	-19.471365	11.081075	-0.54950386	-42.98142	-21.565845	14.878111	-0.14681697	-79.11339	200.0	200.0	291999	-1.8205347	6.266444	0.7938936	-59.221283	-1.8205353	6.2664485	0.4869796	-58.866077	1.7726831	0.3423313	5195.70987701416	0.009810290530196268
74	-18.658224	11.3408375	-0.99693805	-38.60917	-19.795418	10.4663515	-1.175293	-56.813354	200.0	200.0	295999	-1.8209469	6.2914324	0.3541161	-60.642246	-1.821009	6.2913523	0.18567488	-60.28962	1.7846614	0.26282284	5267.002881765366	0.010825838138228589
75	-17.499752	10.1696	-0.35791358	-46.958076	-19.361217	12.180266	-1.0081937	-67.116905	200.0	200.0	299999	-1.8239224	6.252024	0.6243095	-60.907246	-1.8239884	6.251839	0.51147807	-60.537067	1.7854468	0.22527887	5338.1724417209625	0.011254156421829776
76	-17.27599	12.202564	-0.35584217	-55.447964	-17.383163	10.941794	-0.09588768	-58.929012	200.0	200.0	303999	-1.8217698	6.241582	0.63087165	-60.736504	-1.821731	6.2412987	0.819374	-60.645226	1.7662871	0.25098446	5409.637659788132	0.007402546954024631
77	-22.25008	14.0557	-1.036127	-53.41909	-22.504454	15.122286	-0.541336	-74.521416	200.0	200.0	307999	-1.8003523	6.209495	0.57866114	-60.608677	-1.8004143	6.2093663	1.3246193	-60.38047	1.7730752	0.22786736	5479.613980054855	0.008168848301509418
78	-23.481972	16.519894	-1.200103	-74.77873	-23.236992	14.547813	-4.1166506	-81.25636	200.0	200.0	311999	-1.804276	6.187752	0.6348451	-60.83292	-1.8042692	6.1873727	0.3679207	-60.458847	1.7594407	0.26850995	5551.290364265442	0.025372506057809222
79	-19.07365	10.901783	-0.55098814	-42.756317	-19.556496	12.717816	-0.42690256	-70.1511	200.0	200.0	315999	-1.8417859	6.178732	0.55538607	-60.133324	-1.8417832	6.1785893	0.41697568	-59.955677	1.7954717	0.2947665	5622.984665393829	0.00975163425497359
80	-19.089937	11.860517	-0.68185306	-41.783813	-19.616938	11.2900095	-0.55691916	-52.100945	200.0	200.0	319999	-1.8552263	6.169404	0.39327246	-60.389828	-1.8552902	6.169209	0.48019087	-60.378662	1.8228679	0.25852546	5693.327815055847	0.010977408155041522
81	-18.737034	8.950861	-0.8474737	-45.96374	-20.997435	14.643295	-0.08747862	-78.62388	200.0	200.0	323999	-1.8457116	6.1356907	0.4726146	-60.283382	-1.8457389	6.135689	0.39585406	-60.30283	1.8184375	0.27170202	5764.732292175293	0.009732160202408573
82	-15.121687	12.003285	-0.84730077	-37.828148	-21.147652	13.037514	-1.0282677	-69.0254	200.0	200.0	327999	-1.8312358	6.0965714	0.51279944	-60.009525	-1.8312348	6.096044	0.7155962	-60.004395	1.7941138	0.22765648	5835.453070163727	0.014190162719191142
83	-24.049755	14.076569	-1.950781	-55.212242	-20.29252	12.813375	-0.7339656	-69.04198	200.0	200.0	331999	-1.841471	6.0322957	0.4171917	-60.44536	-1.841565	6.032493	0.2847644	-60.437397	1.7981355	0.33952817	5906.117358207703	0.011617851538161379
84	-18.097195	12.487003	-0.7532378	-53.485603	-19.968328	14.842974	-0.7704249	-71.56496	200.0	200.0	335999	-1.8358864	6.036305	0.61998636	-59.347443	-1.8359089	6.036199	0.33761927	-59.032497	1.7915702	0.22845574	5976.111910820007	0.01137755640904667
85	-26.174088	16.794432	-2.0474615	-79.23244	-24.28443	15.711724	-0.7186199	-73.34455	200.0	200.0	339999	-1.8252763	6.043828	0.7042614	-60.125713	-1.8252895	6.043776	0.89302486	-60.20744	1.8057383	0.24460286	6047.190563440323	0.010289663729663827
86	-23.680902	8.778663	-13.29405	-50.08792	-19.58402	12.106587	-1.1739031	-68.91365	200.0	200.0	343999	-1.8389391	6.0770373	0.32401448	-60.896122	-1.8389833	6.0770073	0.2331093	-60.68614	1.795512	0.15295762	6119.165516138077	0.0125428023949547
87	-19.860004	11.71424	-1.383079	-49.410522	-16.605982	12.737169	-0.68485045	-56.43117	200.0	200.0	347999	-1.8202573	6.0186577	0.39962733	-60.484585	-1.8202722	6.0181446	0.27096698	-60.42104	1.8006676	0.21332029	6190.769702911377	0.00875771981226611
88	-17.989567	13.293858	-0.3587427	-52.145016	-19.119644	13.04015	-0.20984909	-75.16112	200.0	200.0	351999	-1.7968981	6.033907	0.31060243	-60.366375	-1.796935	6.033781	0.3783901	-60.302353	1.7704324	0.26512122	6262.4143278598785	0.006491061974304273
89	-25.176497	19.118082	-0.48388788	-77.93404	-19.745462	11.580046	-0.42093223	-56.88722	200.0	200.0	355999	-1.7849103	6.074718	0.31976366	-60.294106	-1.7849593	6.074299	0.23133977	-60.258648	1.7520198	0.22466563	6333.799225330353	0.00610876523939371
90	-19.10585	15.85115	-0.3352506	-56.20759	-17.138817	9.56412	-0.13244866	-54.8539	200.0	200.0	359999	-1.7697397	6.074951	0.5217862	-60.530388	-1.7697282	6.0746922	0.42602366	-60.17814	1.7245115	0.22285545	6405.9278066158295	0.00701485326414128
91	-25.855799	14.490714	-1.4205064	-54.614124	-19.199652	12.354023	-0.3516151	-71.7398	200.0	200.0	363999	-1.7171077	5.945165	0.5671031	-60.447956	-1.7171464	5.9451413	0.60773325	-60.295624	1.6679633	0.31263295	6477.7008175849915	0.006096566010806087
92	-19.231636	15.954256	-2.2195058	-66.37491	-19.948153	14.5560255	-0.4690508	-78.74284	200.0	200.0	367999	-1.7351316	5.9862347	0.53386605	-59.99765	-1.7351137	5.9860873	0.46749204	-59.76225	1.7031487	0.23664677	6548.102764368057	0.00540498779527246
93	-23.965128	18.633274	-1.0749701	-84.36408	-21.049206	10.882795	-0.9489438	-65.22264	200.0	200.0	371999	-1.7224565	6.0013742	0.6406702	-60.662746	-1.7224821	6.001373	0.6715355	-59.794067	1.6823316	0.22133027	6619.6018879413605	0.006993850723424984
94	-23.69234	11.405309	-15.786132	-64.67641	-20.372341	13.344202	-0.09712127	-64.55221	200.0	200.0	375999	-1.6920011	5.9693937	0.4369051	-60.31144	-1.6920475	5.9691076	0.50393176	-60.204247	1.6669841	0.2232524	6690.922592639923	0.007565772381640905
95	-14.452802	11.307342	-0.08626152	-31.581505	-21.696821	16.99512	-0.5120733	-84.05779	200.0	200.0	379999	-1.6604524	5.919133	0.5687325	-60.5829	-1.6604984	5.919165	0.5660547	-60.27633	1.6151135	0.2512659	6763.102171897888	0.007865107971111666
96	-18.576532	13.299295	-0.044293195	-45.723934	-22.573576	14.982421	-0.17753868	-75.79114	200.0	200.0	383999	-1.6629405	5.9353437	0.5059916	-60.96784	-1.6629667	5.9352865	0.6261402	-60.209503	1.6399344	0.24247867	6835.31954741478	0.007550663503969463
97	-20.327814	10.099348	-2.0616941	-45.83591	-20.828117	15.389208	-0.92661095	-74.86193	200.0	200.0	387999	-1.6676003	5.9443493	0.31987053	-60.637047	-1.6676152	5.9438343	0.41447234	-60.348465	1.6366293	0.22728787	6907.256194353104	0.014259981462063087
98	-22.312107	13.872634	-0.8984948	-52.363575	-20.625513	12.854546	-1.2156813	-69.546074	200.0	200.0	391999	-1.6693833	5.897587	0.27765143	-60.421314	-1.6694099	5.897421	0.2948345	-60.246452	1.6382896	0.20443396	6979.904465436935	0.011675013940405739
99	-19.643991	14.624399	-2.838544	-62.848114	-21.507675	12.471472	-0.8500467	-66.97576	200.0	200.0	395999	-1.6531806	5.8421082	0.41607457	-59.52727	-1.6532155	5.84211	0.71737707	-59.33943	1.6210157	0.21700653	7050.53225851059	0.011208250667625165
100	-19.453163	11.125352	-1.2508034	-45.476257	-20.672617	12.325476	-0.94955796	-52.33224	200.0	200.0	399999	-1.6893439	5.8965354	0.31198817	-60.510433	-1.6894	5.8964024	0.37443864	-60.105762	1.657938	0.15749978	7123.234260082245	0.010976427422812619
