Epoch	AverageEpRet	StdEpRet	MaxEpRet	MinEpRet	AverageTestEpRet	StdTestEpRet	MaxTestEpRet	MinTestEpRet	EpLen	TestEpLen	TotalEnvInteracts	AverageQ1Vals	StdQ1Vals	MaxQ1Vals	MinQ1Vals	AverageQ2Vals	StdQ2Vals	MaxQ2Vals	MinQ2Vals	LossPi	LossQ	Time	sigma
1	-223.64685	84.078674	-113.59291	-398.55563	-117.09746	138.03194	-1.8559597	-383.77527	200.0	200.0	3999	-16.52109	12.030538	0.5601206	-48.059242	-16.520752	12.031455	0.589238	-48.115368	16.125912	4.5361557	57.700767517089844	0.02245741968221018
2	-215.81364	65.44701	-144.81985	-383.71558	-130.85648	138.88393	-0.21251811	-383.4687	200.0	200.0	7999	-36.753803	24.452557	8.619112	-92.314674	-36.75328	24.467299	7.51399	-92.37356	35.61943	21.63315	132.3484811782837	0.02792518126626324
3	-181.38396	114.13883	-2.7499578	-373.30225	-111.72162	135.90175	-0.19277342	-383.6832	200.0	200.0	11999	-50.838757	37.577164	19.675331	-124.15052	-50.838837	37.59265	18.443218	-124.05707	48.896538	49.814655	205.2074134349823	0.016962631764599972
4	-120.352554	131.7441	-0.9467911	-328.9361	-104.90482	134.47092	-0.29860395	-383.4702	200.0	200.0	15999	-57.26918	55.78723	36.754475	-157.75484	-57.28198	55.783077	32.178886	-158.40034	55.83257	90.62132	278.6603310108185	0.015340708545207967
5	-138.13068	139.28575	-1.3181714	-383.70215	-149.68233	143.68701	-1.7637935	-383.00482	200.0	200.0	19999	-64.29387	74.53494	43.330578	-191.71996	-64.311005	74.526085	40.83243	-192.45572	62.793602	129.88936	351.9023406505585	0.0194591700028773
6	-124.40519	131.34354	-4.4323373	-362.51038	-132.68536	141.0412	-1.3392129	-381.7735	200.0	200.0	23999	-68.90784	89.12984	45.28687	-216.35515	-68.91919	89.1307	44.26124	-216.59814	67.67727	178.03955	425.5294728279114	0.019439730272604698
7	-142.02957	139.68536	-3.6706696	-361.5505	-134.806	143.69995	-4.0526	-381.89313	200.0	200.0	27999	-75.23499	103.929276	47.62791	-242.91408	-75.24397	103.92321	48.47765	-242.79951	74.386284	235.25107	497.71511673927307	0.019420309962642057
8	-116.78371	133.04375	-6.369877	-377.76614	-136.38478	141.30478	-3.755435	-382.75128	200.0	200.0	31999	-83.51051	118.71885	50.963467	-269.39478	-83.52235	118.72252	55.76126	-268.7413	82.65286	290.4279	570.8729588985443	0.022749091648344686
9	-194.99345	151.4616	-7.149738	-382.56308	-136.4793	152.08562	-4.4562263	-383.29938	200.0	200.0	35999	-91.77413	135.2131	57.21255	-290.72113	-91.78335	135.205	59.43608	-290.12958	90.64672	356.69757	644.7025458812714	0.021839590338558874
10	-211.58899	160.05106	-8.270233	-383.25763	-119.1897	133.04501	-8.111861	-383.81976	200.0	200.0	39999	-102.026	153.38446	67.91782	-312.86676	-102.03505	153.3796	70.61496	-312.36993	101.349846	458.82288	718.4845123291016	0.019362165360701712
11	-167.47742	140.85458	-6.703769	-366.2995	-140.9263	147.21698	-7.1189785	-383.69635	200.0	200.0	43999	-109.71122	170.74184	80.42429	-334.46683	-109.71498	170.73795	84.94284	-333.16254	108.74843	549.07733	791.9595665931702	0.019731613271180642
12	-82.58827	120.76244	-4.7018113	-380.18524	-130.73268	144.0491	-3.1259189	-383.54666	200.0	200.0	47999	-113.27613	185.61017	90.40419	-351.60458	-113.28102	185.60315	94.66231	-350.85757	112.6172	641.4359	868.5332860946655	0.026045157220320317
13	-120.56614	137.96724	-9.757435	-380.94812	-127.43355	139.36414	-4.9263735	-383.3864	200.0	200.0	51999	-111.93371	197.39359	99.38828	-367.34985	-111.94421	197.40337	102.93605	-366.3588	110.96648	734.7482	944.4128360748291	0.01747583576337837
14	-65.88628	91.44559	-2.8695407	-330.16763	-136.37881	142.21031	-2.956944	-382.90344	200.0	200.0	55999	-113.11779	205.44972	106.773964	-380.97913	-113.12696	205.4543	110.904106	-380.3327	112.33008	783.61414	1019.8936488628387	0.02130253820004072
15	-141.1873	154.57521	-2.536028	-383.65912	-115.20218	138.50468	-4.145676	-383.52402	200.0	200.0	59999	-113.65825	212.3098	116.18271	-391.2593	-113.66167	212.31288	121.11364	-390.53445	112.75316	881.1596	1095.2864074707031	0.019265644290055752
16	-99.40194	119.36952	-2.4983099	-366.0055	-120.960846	143.06847	-4.452114	-383.61893	200.0	200.0	63999	-115.0719	218.89127	119.96781	-401.34393	-115.08108	218.89406	123.64372	-399.68777	113.86347	926.9675	1171.620615720749	0.018495410076464717
17	-110.925186	139.14073	-3.5533557	-376.79318	-135.54503	143.48239	-2.7995298	-383.82773	200.0	200.0	67999	-116.99054	223.79277	124.5488	-412.52573	-116.99659	223.78117	132.78264	-410.4045	115.46524	948.8874	1248.8898811340332	0.02591532120181641
18	-120.203445	151.07664	-3.873689	-380.82413	-126.311165	141.9298	-3.4655411	-383.517	200.0	200.0	71999	-116.64256	228.00713	124.81408	-419.37076	-116.65413	228.01106	133.91199	-417.6762	115.46747	952.8314	1326.3348665237427	0.01882949000949266
19	-136.31145	151.76033	-2.76059	-382.8525	-114.31682	131.40144	-2.9136713	-383.74783	200.0	200.0	75999	-119.57844	230.95514	122.21936	-425.23007	-119.58719	230.96779	129.10138	-424.00113	118.91217	989.3284	1399.960806131363	0.017029062606509052
20	-153.64334	150.10464	-3.2598958	-375.92773	-112.84704	133.3528	-3.4833803	-383.8279	200.0	200.0	79999	-123.02225	233.44911	125.53968	-430.82083	-123.03589	233.44484	131.63504	-429.8723	122.51252	1042.9534	1473.7177693843842	0.014799854020245279
21	-114.63981	133.78212	-3.4373226	-367.1821	-115.98266	139.6603	-2.7720585	-383.69772	200.0	200.0	83999	-124.94023	236.21274	124.90558	-435.88776	-124.94137	236.20003	128.04298	-433.2816	123.61053	1064.8972	1545.380803823471	0.015082248837214998
22	-108.12413	138.14879	-3.6403787	-382.25238	-111.793655	132.67258	-5.1915894	-383.47327	200.0	200.0	87999	-124.73857	237.87044	122.3021	-439.9663	-124.74357	237.86267	130.49031	-438.22144	124.60309	1019.3309	1617.999838590622	0.014193966687329359
23	-143.12407	151.99997	-6.6727457	-379.64392	-100.34524	126.53378	-6.399991	-383.44568	200.0	200.0	91999	-125.70292	239.40941	121.673676	-442.18643	-125.72063	239.40906	127.678566	-441.1915	125.81618	1037.6816	1690.1073639392853	0.011854547360298381
24	-94.36333	124.06208	-5.0918536	-367.9486	-144.33986	140.23152	-6.3828616	-383.1017	200.0	200.0	95999	-127.57913	240.49437	120.00122	-445.75974	-127.58335	240.49417	128.24281	-444.55112	127.37168	1100.5721	1763.4096434116364	0.01072104603303523
25	-119.671104	141.8891	-3.1069558	-367.09848	-115.985535	136.71614	-5.888568	-383.7328	200.0	200.0	99999	-127.18911	240.68645	114.53967	-448.15436	-127.20144	240.70395	137.17365	-448.5175	127.27072	1080.1985	1837.2204365730286	0.012068674344876284
26	-177.69244	144.32053	-5.5948405	-383.53333	-123.997025	132.688	-6.009091	-383.3469	200.0	200.0	103999	-130.16257	240.9559	113.38854	-450.50513	-130.17155	240.97284	116.415825	-450.3211	129.02707	1010.5176	1909.6713814735413	0.010699636061276614
27	-96.22466	104.48343	-7.0903106	-280.40228	-115.72997	135.33365	-7.7637467	-383.7846	200.0	200.0	107999	-130.72054	241.35876	111.63033	-453.3863	-130.72473	241.36815	121.75202	-454.93933	131.05695	1062.7938	1983.4774346351624	0.011807247479654094
28	-119.63271	132.15717	-4.9135838	-365.09988	-102.436745	131.86734	-1.9510155	-382.29843	200.0	200.0	111999	-130.68175	241.54373	104.632484	-453.66516	-130.68217	241.55923	110.847244	-455.1443	129.7913	1067.0227	2057.139610528946	0.011335197552839018
29	-148.48204	163.79099	-5.9105973	-382.53152	-114.63541	139.78134	-2.2894924	-382.0994	200.0	200.0	115999	-131.13779	241.26654	110.06104	-455.5659	-131.14627	241.2654	115.799995	-456.39807	130.81306	1048.5089	2130.7776572704315	0.01066760124407307
30	-160.58353	147.78828	-11.963119	-379.06885	-129.7502	139.72336	-3.6694021	-383.28674	200.0	200.0	119999	-131.10548	241.70506	108.44363	-454.86917	-131.11102	241.71346	115.49338	-456.265	130.51105	1070.1062	2204.5460872650146	0.013531491424896841
31	-136.46848	135.57501	-14.529989	-382.12637	-125.58301	139.53238	-2.617487	-383.6096	200.0	200.0	123999	-132.13667	242.01785	110.42753	-456.56384	-132.13425	242.0298	115.900406	-459.53525	131.91435	1008.05206	2278.3204872608185	0.016826035946705984
32	-191.59009	142.09828	-7.0889173	-381.9732	-106.75264	132.45139	-3.1135416	-382.35522	200.0	200.0	127999	-134.27686	243.25266	115.080025	-460.9264	-134.28853	243.25586	122.65232	-461.74017	133.21674	1020.2145	2351.7654514312744	0.01615333648386191
33	-85.04994	116.49601	-3.182809	-379.304	-111.468124	131.83134	-2.7752028	-378.83923	200.0	200.0	131999	-134.72095	242.40604	113.90416	-461.1645	-134.72456	242.40565	120.37086	-459.78314	134.84837	1044.3909	2425.2956392765045	0.01646155699019734
34	-176.95398	148.0063	-5.9674745	-383.5823	-153.44247	147.59071	-3.6254184	-383.71625	200.0	200.0	135999	-136.5099	241.09468	107.40593	-455.75436	-136.51414	241.08119	113.53974	-456.03406	136.22903	1025.5839	2498.9184119701385	0.022611053284495763
35	-114.105225	124.92833	-3.602603	-348.21194	-136.11742	148.07452	-3.8249276	-383.72293	200.0	200.0	139999	-136.28401	240.14253	108.829605	-456.52533	-136.28673	240.13704	110.67991	-457.39096	136.31805	1040.1411	2572.663650035858	0.017439378259464032
36	-166.91194	136.86528	-0.6464971	-379.82858	-127.20556	136.25798	-5.3577356	-381.31418	200.0	200.0	143999	-137.25703	238.4836	101.03896	-456.71414	-137.26524	238.49258	106.19504	-458.63892	137.19447	1021.13385	2646.434351682663	0.013450585881605436
37	-97.935074	129.08739	-3.290773	-369.21732	-114.00981	135.48131	-5.0301576	-383.74722	200.0	200.0	147999	-140.50404	236.13275	99.63413	-454.2498	-140.50276	236.12607	113.186035	-453.92636	140.10858	1051.8132	2719.9610135555267	0.013707235422403301
38	-70.59805	107.32008	-5.2686143	-379.88968	-124.35063	137.76143	-8.723522	-382.62036	200.0	200.0	151999	-138.30405	232.95375	100.97202	-450.11032	-138.31026	232.95506	104.108185	-448.97955	137.6345	981.40735	2791.821667432785	0.013693541880522778
39	-146.37053	145.24522	-9.036011	-380.64792	-108.77378	129.55463	-8.165572	-383.72397	200.0	200.0	155999	-134.65288	232.47461	95.23425	-448.87994	-134.65724	232.47517	99.918106	-449.17993	133.9375	967.5956	2864.1011209487915	0.012887048833466948
40	-190.28479	154.99641	-8.411731	-383.60663	-135.14516	136.14917	-7.3250375	-382.53403	200.0	200.0	159999	-127.73364	237.67752	116.3683	-445.2087	-127.72625	237.67621	117.31742	-448.939	126.38769	987.04474	2937.0210938453674	0.012874174658808142
41	-60.364838	94.09141	-11.827304	-337.80615	-134.63855	134.40016	-6.186407	-383.676	200.0	200.0	163999	-113.27727	245.19043	122.99774	-443.85645	-113.27465	245.1964	128.31175	-447.43457	112.3432	1011.6581	3010.5098078250885	0.013926959399318182
42	-126.736916	147.20435	-4.9337006	-379.88736	-109.19736	128.56236	-6.3475933	-380.55283	200.0	200.0	167999	-104.28992	247.31688	129.9803	-441.25558	-104.30664	247.32819	137.00499	-445.4824	103.71175	959.1417	3083.8836464881897	0.013370164077077905
43	-163.46762	146.84537	-5.2624574	-380.91296	-141.46536	136.78078	-7.3647056	-383.57373	200.0	200.0	171999	-103.04548	249.33473	132.03525	-442.2854	-103.03967	249.3209	136.45317	-443.10052	102.43355	945.71326	3154.9685595035553	0.011619927716505411
44	-122.50828	138.18428	-6.175183	-368.70154	-124.728615	127.54176	-8.971419	-383.70267	200.0	200.0	175999	-101.04977	249.97372	134.36601	-439.3151	-101.05087	249.98972	141.16658	-441.3328	100.42033	1002.6564	3227.4004080295563	0.010508860116111662
45	-160.12036	149.91818	-7.7533507	-380.0942	-108.61133	131.67612	-4.2954574	-381.258	200.0	200.0	179999	-100.35439	250.50238	138.2872	-439.29642	-100.35571	250.50378	147.33922	-440.48605	99.433846	962.50916	3300.0393919944763	0.013871390553262386
46	-92.226456	126.637794	-5.6313114	-382.7728	-125.68284	146.27437	-5.4735065	-382.86725	200.0	200.0	183999	-100.08212	249.66315	136.59225	-438.15027	-100.08223	249.6649	148.97949	-440.7058	99.49063	985.21716	3373.5681414604187	0.015005722554431748
47	-94.47958	124.06376	-6.4436703	-381.11526	-121.06149	137.8611	-8.396585	-383.77466	200.0	200.0	187999	-98.68604	247.38646	137.46584	-432.31723	-98.68745	247.40167	144.34845	-436.02737	98.28498	960.6383	3446.047908306122	0.012285571371528645
48	-152.21025	149.36368	-8.413083	-380.51874	-112.35773	132.30525	-6.9729414	-383.64697	200.0	200.0	191999	-97.04896	246.07155	134.58496	-431.95078	-97.06245	246.08714	144.69295	-437.17157	96.70781	938.28235	3519.054986476898	0.011334184855360356
49	-69.85365	95.95539	-7.6052933	-311.09464	-122.00793	138.35783	-6.390465	-383.57553	200.0	200.0	195999	-97.31762	244.84254	134.8913	-431.20847	-97.30844	244.84232	138.6076	-432.35498	96.7941	919.3204	3591.873323917389	0.013276946172840315
50	-121.47316	128.0583	-15.853396	-362.07956	-142.43326	137.00543	-7.7436967	-381.6123	200.0	200.0	199999	-97.19452	244.12979	134.09521	-437.2178	-97.19782	244.13597	138.59848	-440.82114	96.69816	863.0129	3665.805244922638	0.011770844750224062
51	-144.56491	152.1213	-6.0945373	-383.00793	-132.11816	141.72061	-7.183459	-383.67212	200.0	200.0	203999	-95.68244	244.0466	142.66495	-437.37985	-95.68286	244.05443	146.52902	-438.75613	95.43509	919.38165	3738.6439073085785	0.012989346199678148
52	-130.31923	132.51996	-9.580291	-372.14423	-125.187355	138.26074	-5.229981	-383.70737	200.0	200.0	207999	-95.4841	244.58145	142.32787	-434.04538	-95.48571	244.58224	150.96245	-438.5998	94.53047	881.42725	3811.8333415985107	0.01552165201554964
53	-149.54764	141.2835	-9.172543	-374.52124	-129.28792	132.25528	-8.088763	-381.79263	200.0	200.0	211999	-96.49084	243.8103	146.0165	-434.92487	-96.49809	243.80617	156.25449	-439.47266	95.639854	887.078	3884.3938262462616	0.012707976103739705
54	-162.71602	143.0833	-6.630839	-380.79596	-119.805145	137.84627	-7.8575373	-383.59418	200.0	200.0	215999	-98.59445	242.52625	147.18834	-434.4943	-98.59448	242.53261	159.21304	-441.65747	97.42713	913.964	3955.2204189300537	0.009998373154261213
55	-167.08562	138.80757	-9.979469	-376.9209	-147.70662	144.85979	-8.513369	-383.7211	200.0	200.0	219999	-98.23125	241.38837	138.8286	-436.1207	-98.23695	241.38103	145.07329	-434.6116	98.06758	932.1299	4028.037892103195	0.011947581228214654
56	-157.4963	146.78279	-1.1376735	-382.57388	-131.55188	140.67674	-5.7920356	-383.71204	200.0	200.0	223999	-99.37447	240.62766	137.20119	-434.3734	-99.38241	240.63493	138.74799	-433.70108	98.77606	911.2206	4100.345657348633	0.015459720314116954
57	-107.05798	133.5269	-5.6099324	-382.6992	-129.06026	140.11531	-7.6423826	-383.607	200.0	200.0	227999	-99.44824	238.74081	136.13345	-439.55118	-99.45185	238.73961	144.06197	-436.0224	99.43805	867.392	4172.497151851654	0.01370601080477428
58	-139.69398	152.73717	-8.752466	-382.30008	-126.281075	137.7109	-8.581105	-383.751	200.0	200.0	231999	-100.0233	237.9698	132.28749	-427.90247	-100.02488	237.97272	138.30705	-428.956	99.175606	869.7339	4245.525156736374	0.012151237432740021
59	-87.07322	112.63293	-7.3667297	-311.70554	-113.82052	133.90326	-7.4848623	-383.34235	200.0	200.0	235999	-98.55974	237.6784	135.71922	-428.51944	-98.55969	237.68698	135.14491	-427.69016	97.23062	855.1713	4317.039941072464	0.014234047475552871
60	-61.370453	78.790955	-8.3976755	-268.88687	-141.02934	140.98953	-6.983093	-383.44257	200.0	200.0	239999	-97.52541	237.40141	132.27852	-426.52054	-97.53011	237.4144	139.45773	-427.41202	96.76209	847.75024	4389.6000237464905	0.01421982764790497
61	-111.6646	124.19527	-3.5677648	-315.24524	-149.16612	143.6161	-5.8840322	-383.64053	200.0	200.0	243999	-97.0673	236.06378	137.65486	-431.76843	-97.0659	236.06387	138.87712	-429.06207	96.35124	837.4327	4462.268535852432	0.013925715151337219
62	-140.3205	136.74779	-9.112399	-377.93097	-125.35297	140.50963	-6.810754	-382.63004	200.0	200.0	247999	-96.99456	236.26505	135.04366	-429.88065	-97.0054	236.26825	141.48792	-428.6722	96.6981	824.92896	4536.7061405181885	0.013368969573727886
63	-180.95816	143.99391	-4.904154	-382.75925	-122.92553	139.5204	-7.0463705	-383.48367	200.0	200.0	251999	-98.93273	236.02971	133.28566	-434.52924	-98.93286	236.04074	131.7248	-432.74323	99.342125	811.8516	4610.931174278259	0.014177253341941873
64	-122.07747	151.68855	-6.3164735	-379.02686	-144.10687	143.06555	-6.6551805	-383.5551	200.0	200.0	255999	-99.70104	236.76923	131.1447	-431.5606	-99.70403	236.77171	138.354	-429.18036	99.06639	820.15015	4686.626454591751	0.014447768365749158
65	-175.25613	136.9347	-7.5992904	-368.1519	-132.38277	140.11021	-5.783176	-382.92404	200.0	200.0	259999	-100.61342	236.91388	132.1696	-429.7378	-100.61842	236.91438	137.17801	-430.8217	99.962654	819.30115	4762.821399688721	0.014148941310379809
66	-136.7568	151.75859	-7.578295	-383.1291	-121.07439	137.27707	-5.977827	-382.73032	200.0	200.0	263999	-100.82661	236.45187	136.2826	-429.49323	-100.82014	236.44647	133.26988	-428.2207	100.113785	867.1551	4838.24062204361	0.015613620002587557
67	-109.649	122.95649	-5.0233374	-369.95703	-126.28504	136.40137	-7.0082097	-383.39545	200.0	200.0	267999	-102.03477	235.34175	131.00093	-434.50818	-102.03748	235.34834	134.44914	-435.20972	101.528534	834.04913	4913.595386266708	0.013842452522358476
68	-93.68458	125.69616	-5.3049717	-369.82626	-142.10025	141.8744	-7.5437546	-383.81183	200.0	200.0	271999	-101.39913	235.24959	135.37236	-434.6499	-101.4002	235.25516	142.91032	-433.9804	101.15905	829.23425	4988.901285409927	0.010890955771309276
69	-116.42942	132.12236	-7.495246	-352.77466	-141.9237	135.06989	-7.492494	-383.44864	200.0	200.0	275999	-101.17363	234.9443	131.73967	-434.19196	-101.17625	234.9567	136.06584	-435.0917	100.31041	795.5756	5065.159469127655	0.015260143778450634
70	-143.64285	152.12718	-7.4767375	-382.90436	-138.71234	141.92761	-5.303896	-383.39307	200.0	200.0	279999	-101.73187	234.35942	123.534515	-436.30496	-101.73335	234.36293	124.52903	-433.56262	101.57808	802.6052	5141.640314340591	0.01352907369992095
71	-102.85018	108.40609	-18.208689	-323.75317	-116.41075	139.72656	-6.369496	-383.63275	200.0	200.0	283999	-101.93897	233.2261	124.098564	-428.4547	-101.94741	233.2318	129.18181	-430.15332	101.39764	853.59686	5217.935447216034	0.017506112033448623
72	-134.88655	145.9786	-7.000598	-378.31992	-131.14096	138.01186	-7.335775	-383.5892	200.0	200.0	287999	-101.64394	233.04634	131.3166	-429.462	-101.64529	233.0521	136.6844	-427.45688	101.40059	801.3494	5293.182786941528	0.011746288807700556
73	-111.94043	128.56389	-7.4987035	-358.54028	-136.50452	142.64862	-7.450089	-383.69528	200.0	200.0	291999	-100.07258	232.15715	144.22021	-429.94516	-100.07101	232.15694	150.8334	-428.80313	99.13311	814.4026	5369.07164478302	0.014899770120679355
74	-153.86278	134.0317	-8.068995	-379.7372	-136.12944	140.92299	-4.804488	-383.61838	200.0	200.0	295999	-101.54344	231.08003	160.45544	-426.61227	-101.53705	231.07423	164.71207	-433.4284	100.90473	826.827	5443.874049901962	0.010612526358424306
75	-91.397385	126.55709	-4.6176662	-369.08652	-105.771904	123.862915	-5.255634	-383.34293	200.0	200.0	299999	-99.44899	231.35896	170.22218	-427.5164	-99.45089	231.36188	177.62405	-426.47296	98.01281	759.8254	5519.882326841354	0.02044538881666211
76	-94.09065	125.45876	-3.0943587	-379.60962	-127.52834	147.29778	-2.4256272	-383.38965	200.0	200.0	303999	-89.92804	239.42134	190.71375	-415.9588	-89.91951	239.4257	192.3516	-417.22015	87.62989	819.7344	5595.340819597244	0.02443126895352923
77	-152.14445	147.49983	-2.3095808	-382.3379	-126.6885	138.26581	-1.8220531	-383.81122	200.0	200.0	307999	-73.52282	251.10323	193.01086	-417.47202	-73.52397	251.11098	195.45222	-419.71396	71.552925	847.03436	5671.154540061951	0.03289676259662425
78	-109.327675	135.09064	-3.3007255	-376.52432	-97.60962	125.04395	-3.1568048	-372.59998	200.0	200.0	311999	-70.59766	253.60497	189.61551	-423.37158	-70.59784	253.59663	191.5085	-420.63477	70.45022	837.75183	5746.8993101119995	0.021638212641558355
79	-118.46669	131.93758	-1.9783095	-372.80402	-136.46465	138.04582	-2.087476	-378.88242	200.0	200.0	315999	-71.00862	252.13829	188.69214	-422.18088	-71.02041	252.15205	189.44809	-429.26144	70.54532	875.6843	5822.696808338165	0.020773123914362816
80	-116.14311	133.25269	-9.693816	-373.34265	-122.72259	137.29904	-8.300868	-383.1733	200.0	200.0	319999	-73.596214	248.70932	181.98314	-429.56308	-73.59319	248.70923	184.23502	-428.03522	72.66572	878.7666	5897.039674282074	0.011198054058957912
81	-145.34988	141.29364	-7.3521986	-361.103	-124.5782	136.39035	-6.59066	-382.825	200.0	200.0	323999	-78.362976	247.05965	174.97658	-428.36682	-78.3644	247.06464	178.60864	-426.35846	76.67006	815.3047	5972.990023136139	0.012859015363849162
82	-106.8716	119.17607	-7.8847113	-378.68307	-115.92174	142.6612	-5.024093	-383.60648	200.0	200.0	327999	-80.72481	245.24995	171.6981	-434.06644	-80.72862	245.24025	177.47612	-430.54163	80.44148	826.0667	6048.25036740303	0.016973527316143586
83	-159.4949	155.45758	-7.6910677	-378.86917	-111.72068	131.83817	-4.9619484	-382.7998	200.0	200.0	331999	-83.86103	242.62016	166.3047	-422.2665	-83.86304	242.6084	169.29044	-426.66357	82.90089	838.36127	6124.205521583557	0.013622844613542037
84	-184.16054	146.4492	-5.97175	-383.8462	-113.351944	133.35965	-6.489633	-380.80563	200.0	200.0	335999	-89.50588	239.56238	162.56857	-429.23563	-89.52117	239.57211	160.95264	-432.5663	88.742966	827.5419	6200.03800702095	0.010933608077338392
85	-136.79916	138.01707	-5.5973268	-380.3388	-112.55103	126.51546	-6.560675	-381.17435	200.0	200.0	339999	-93.85131	236.40738	148.8553	-434.45312	-93.85188	236.40771	148.05927	-431.49808	93.10481	811.48956	6276.55529999733	0.010707465338639787
86	-162.08557	141.73499	-6.4566274	-383.31253	-117.230225	132.38689	-7.620626	-383.3878	200.0	200.0	343999	-97.39085	234.2723	144.57439	-435.74762	-97.39164	234.26468	143.7961	-431.8914	96.918076	790.8628	6352.784314632416	0.011815887232902184
87	-74.78255	113.067	-6.7084184	-383.70517	-113.30089	133.80695	-6.0602417	-382.781	200.0	200.0	347999	-99.34144	232.50543	134.98816	-432.3793	-99.34401	232.50725	136.04156	-425.7052	98.19649	766.882	6428.88410115242	0.014403224690045546
88	-129.74483	142.3315	-10.751466	-357.71918	-107.29871	126.58352	-8.271259	-383.652	200.0	200.0	351999	-100.0789	230.25287	123.7023	-433.24628	-100.0847	230.26233	124.86588	-433.70844	99.89183	793.675	6503.318473100662	0.013827388435867508
89	-129.18935	146.67827	-6.7992735	-355.7543	-100.90805	126.20222	-6.3426757	-383.62473	200.0	200.0	355999	-100.33252	228.69229	118.84403	-430.73288	-100.33321	228.69148	121.54386	-431.83224	100.41507	798.97705	6578.111923694611	0.01587834809535445
90	-124.991196	131.07799	-8.328297	-380.79556	-138.645	145.13065	-6.4508266	-381.577	200.0	200.0	359999	-102.75118	227.57407	116.606224	-429.68536	-102.75135	227.56918	119.83101	-429.25757	102.674545	743.2952	6652.72340631485	0.014648739327466347
91	-129.2134	130.75928	-6.0633945	-380.60275	-120.631584	138.45386	-8.150672	-383.1691	200.0	200.0	363999	-103.31813	225.88663	110.49061	-428.62582	-103.32109	225.8862	113.798004	-421.06247	102.26953	774.50867	6728.786324977875	0.012731129636240828
92	-125.27185	135.85655	-5.997959	-372.0181	-124.91435	135.0498	-7.415975	-382.86978	200.0	200.0	367999	-104.40223	224.3584	111.652054	-423.23474	-104.40623	224.36263	112.977974	-420.79047	104.04942	759.15063	6804.566352844238	0.011286944188243924
93	-74.524826	105.571205	-7.0413427	-299.70395	-124.50449	142.07025	-5.662361	-383.81168	200.0	200.0	371999	-105.75479	223.14648	107.90832	-421.2793	-105.75898	223.1452	109.47827	-425.75024	105.46522	725.8941	6881.381702423096	0.0181789268308026
94	-48.9654	76.02982	-9.137318	-279.10855	-133.98053	140.44402	-7.3109717	-383.61505	200.0	200.0	375999	-105.27743	221.491	107.77485	-424.84055	-105.27762	221.49788	105.81956	-423.67813	105.17922	744.1286	6957.720508813858	0.012693012506989338
95	-129.66852	143.60092	-7.0375237	-379.60513	-133.10455	141.18375	-7.9562	-383.83978	200.0	200.0	379999	-103.23063	221.4001	102.47445	-423.75027	-103.23304	221.40456	103.703896	-419.01187	102.490326	728.7736	7032.553675413132	0.01346042811987982
96	-96.21818	121.81796	-7.032126	-350.385	-121.73319	135.29837	-7.6874385	-380.33798	200.0	200.0	383999	-101.83047	221.19421	104.801506	-422.2939	-101.83032	221.1874	104.39523	-417.05295	101.37475	703.95685	7107.600430727005	0.014853832885840555
97	-134.13136	139.85129	-11.308186	-377.26132	-121.70922	135.1753	-8.214068	-382.65344	200.0	200.0	387999	-103.35666	220.3174	104.50857	-421.43866	-103.35064	220.30878	118.84162	-428.36105	102.906265	721.79285	7182.384803771973	0.013979003491876463
98	-79.798965	105.1026	-5.868688	-347.4324	-107.99527	133.61993	-6.4961724	-383.37146	200.0	200.0	391999	-103.43474	218.98601	99.1995	-420.5044	-103.4349	218.99043	106.001854	-420.21622	102.72771	717.1554	7258.433203458786	0.017040000828357164
99	-144.35725	139.81769	-5.6472554	-365.2194	-130.6256	146.50177	-0.25075445	-383.40848	200.0	200.0	395999	-104.86078	217.72176	100.8383	-418.8402	-104.86666	217.72644	102.60595	-421.271	104.96711	704.97	7333.330451250076	0.016358747118903238
100	-121.0462	131.42241	-6.133467	-380.24548	-123.89667	140.85103	-0.32138947	-382.5826	200.0	200.0	399999	-107.2388	216.31258	93.81534	-423.18774	-107.24058	216.3217	97.813774	-431.1576	106.85233	695.01746	7410.065432310104	0.014217286935179563
