Epoch	AverageEpRet	StdEpRet	MaxEpRet	MinEpRet	AverageTestEpRet	StdTestEpRet	MaxTestEpRet	MinTestEpRet	EpLen	TestEpLen	TotalEnvInteracts	AverageQ1Vals	StdQ1Vals	MaxQ1Vals	MinQ1Vals	AverageQ2Vals	StdQ2Vals	MaxQ2Vals	MinQ2Vals	LossPi	LossQ	Time
1	-213.32462	74.21057	-140.2265	-396.27646	-140.78949	135.94016	-0.04218562	-383.23138	200.0	200.0	3999	-15.803008	11.221015	0.5207231	-48.31595	-15.8010235	11.220956	0.7260546	-48.072796	15.45883	4.2850957	35.58092927932739
2	-262.34033	79.123405	-154.05244	-396.4563	-122.36102	142.6628	-0.23577088	-381.04205	200.0	200.0	7999	-37.752193	24.617521	7.424093	-93.21466	-37.752136	24.619427	7.7612314	-93.44743	36.767574	23.431805	80.94236993789673
3	-184.18819	128.59001	-0.9725156	-384.4732	-138.52516	147.88934	-0.019925803	-383.10553	200.0	200.0	11999	-56.23181	41.10393	24.464794	-134.45233	-56.22997	41.100277	22.417505	-134.49295	54.75612	52.91546	126.46757531166077
4	-156.45084	156.87845	-2.4785852	-384.39456	-121.76836	137.49721	-1.5031891	-382.69116	200.0	200.0	15999	-65.029495	64.31288	29.257689	-176.09013	-65.02775	64.298645	30.185726	-176.18329	63.739716	95.870186	171.4321858882904
5	-98.077126	127.10005	-1.8395889	-353.66803	-133.99104	146.51001	-1.3535162	-383.61392	200.0	200.0	19999	-69.99655	83.560844	32.444447	-208.86601	-69.99709	83.547485	32.042774	-208.33565	68.887794	138.31703	216.61337733268738
6	-114.28489	131.13777	-1.3284445	-355.827	-114.774734	137.09209	-0.68911463	-380.19208	200.0	200.0	23999	-75.15435	97.7664	33.638798	-233.55623	-75.153076	97.760414	34.288643	-233.50089	74.27267	186.7266	261.8121705055237
7	-150.1012	151.25453	-1.0136614	-380.92563	-151.42145	145.37292	-0.08983234	-382.5269	200.0	200.0	27999	-83.85082	111.555336	34.04614	-258.10358	-83.84558	111.544014	34.912933	-258.2202	83.304535	226.60602	307.3208372592926
8	-130.62602	136.28749	-1.9694612	-342.72702	-117.78449	134.49713	-1.7591118	-379.13086	200.0	200.0	31999	-93.15644	124.15704	37.588634	-278.88696	-93.14892	124.15249	38.119324	-278.33902	92.493675	283.76944	352.5872411727905
9	-89.255295	112.47243	-4.5419016	-359.587	-129.83064	140.15154	-1.9197079	-383.1025	200.0	200.0	35999	-100.15908	136.09303	39.91681	-297.6458	-100.155	136.08008	41.854046	-296.75952	99.39666	360.3465	397.47118377685547
10	-117.708435	142.70651	-2.0974638	-382.3228	-118.817635	133.742	-2.271115	-381.55313	200.0	200.0	39999	-103.13294	146.49504	41.57417	-314.08554	-103.12765	146.48431	42.45829	-313.99005	102.81025	402.06097	442.62559485435486
11	-132.2655	140.42636	-3.040085	-354.38058	-103.95943	132.37793	-2.9666402	-382.32645	200.0	200.0	43999	-108.62513	156.05014	44.17514	-329.4896	-108.62399	156.04114	44.181908	-329.44305	108.49545	432.79306	487.8029351234436
12	-62.20864	106.54614	-2.9151382	-384.34863	-124.96243	142.68771	-2.5477383	-382.40363	200.0	200.0	47999	-110.20999	165.0377	48.29423	-342.6954	-110.20627	165.03499	48.72481	-342.73508	109.690544	509.6093	532.1779336929321
13	-138.67204	141.85736	-2.5499663	-379.42984	-135.30655	139.6927	-2.3617165	-383.5478	200.0	200.0	51999	-112.26968	173.25104	54.300663	-355.15933	-112.26829	173.24567	56.304462	-355.02744	111.92181	561.6018	576.304167509079
14	-114.16952	140.30522	-1.5971811	-362.70078	-113.49759	140.64473	-1.8467482	-383.4396	200.0	200.0	55999	-114.48635	180.73715	61.328793	-368.42603	-114.47919	180.72177	62.816326	-368.83936	113.88291	581.073	621.7280910015106
15	-185.55511	155.60056	-2.236099	-382.2743	-127.74746	139.48686	-1.9847499	-383.02704	200.0	200.0	59999	-119.52613	188.88487	70.151535	-379.218	-119.52459	188.88406	70.70648	-379.18027	118.79851	669.72864	666.4496200084686
16	-122.79823	127.49822	-2.4352012	-349.03635	-117.17911	137.87088	-1.8823571	-382.01022	200.0	200.0	63999	-125.1591	196.27673	72.27772	-390.04337	-125.15773	196.27368	72.966644	-390.09866	124.61036	727.529	711.0115752220154
17	-97.69061	128.84364	-1.6856011	-356.36362	-131.48232	141.82138	-2.458903	-381.80252	200.0	200.0	67999	-128.62244	201.24898	75.04538	-399.05344	-128.61754	201.24744	75.86242	-399.32236	128.72975	742.68427	756.1897406578064
18	-100.60302	118.44829	-2.24299	-328.32648	-115.55354	136.53114	-3.0177257	-383.61584	200.0	200.0	71999	-128.0297	203.99796	76.80051	-406.17453	-128.02667	203.98343	77.5619	-406.63455	127.625565	824.8695	801.0749468803406
19	-143.11938	141.99908	-1.404366	-369.44214	-131.15501	139.64107	-2.9948795	-383.63376	200.0	200.0	75999	-131.1908	207.64201	81.114944	-416.2699	-131.19334	207.63402	84.52788	-415.5525	131.0383	814.8735	845.9781830310822
20	-102.54447	120.89744	-2.6698816	-374.05353	-117.2567	137.24643	-2.359842	-383.82043	200.0	200.0	79999	-135.11186	211.67421	83.43354	-423.26273	-135.107	211.66936	86.96569	-424.5837	134.56197	840.5261	890.4867613315582
21	-57.064167	88.804245	-4.821356	-344.924	-98.528854	126.52856	-3.6810002	-383.61017	200.0	200.0	83999	-131.56302	213.25713	93.67037	-429.7528	-131.56512	213.25516	91.79392	-429.10712	131.47253	844.96674	935.6040399074554
22	-122.63393	129.69879	-2.802648	-369.68918	-37.143387	51.687546	-2.122519	-383.56497	200.0	200.0	87999	-133.29059	214.48453	87.81263	-434.02472	-133.2838	214.47667	89.439095	-432.57883	132.57484	884.6781	979.6061728000641
23	-108.00874	126.82819	-3.118427	-369.848	-62.54979	100.44084	-3.583648	-382.79816	200.0	200.0	91999	-110.05631	202.69518	88.44845	-440.9974	-110.04988	202.69214	92.93253	-441.53488	105.624565	933.1471	1024.4458782672882
24	-36.185795	21.965868	-3.502191	-79.81911	-45.42737	58.716454	-5.0148826	-383.0576	200.0	200.0	95999	-86.75671	191.18918	70.63548	-451.29355	-86.75285	191.19237	77.36547	-448.91452	82.76609	669.96277	1069.7933900356293
25	-32.866673	22.037514	-3.2205863	-86.961494	-35.887707	53.60514	-0.95908517	-379.24695	200.0	200.0	99999	-68.568504	178.22223	64.73619	-472.0739	-68.569984	178.26872	62.970592	-469.9426	65.87919	617.88324	1114.4468457698822
26	-29.672693	19.683447	-8.156884	-85.76624	-35.277843	43.351227	-0.8051402	-377.10858	200.0	200.0	103999	-52.87282	161.3718	69.85652	-491.1748	-52.860443	161.40764	73.43129	-488.69064	49.847607	538.57135	1159.0725495815277
27	-36.04896	18.49787	-3.3659327	-66.68926	-40.796192	59.606754	-1.0117761	-378.4347	200.0	200.0	107999	-38.035934	143.70735	91.32435	-494.92447	-38.02217	143.69427	75.77025	-492.54144	34.748	415.94153	1203.9576194286346
28	-40.417465	27.517548	-4.0945735	-89.57629	-41.299736	53.797318	-4.732372	-374.30063	200.0	200.0	111999	-26.194847	119.24114	47.542076	-511.74332	-26.18193	119.2417	47.09353	-515.8931	23.748457	236.94353	1248.4922242164612
29	-28.122776	23.344307	-1.4844958	-79.26343	-45.723263	73.451775	-1.5280111	-383.6709	200.0	200.0	115999	-22.367792	107.11184	47.422035	-532.216	-22.364277	107.11137	45.046875	-533.62085	20.62895	176.81685	1293.6219873428345
30	-40.69252	80.05319	-0.742711	-380.32965	-41.09898	65.416794	-0.61551976	-383.4933	200.0	200.0	119999	-20.88469	100.46457	41.948265	-541.4298	-20.88152	100.46056	42.984222	-543.71533	18.836582	179.77232	1338.9744591712952
31	-35.85352	36.779728	-1.6340529	-121.22817	-35.369537	46.883274	-1.6916167	-380.72467	200.0	200.0	123999	-20.732164	94.52662	40.038345	-560.722	-20.731236	94.528366	41.055214	-558.14996	19.19788	161.73671	1384.3444945812225
32	-26.487219	20.59812	-1.5840733	-78.896194	-49.954357	80.485886	-2.0991461	-383.83044	200.0	200.0	127999	-21.07277	89.998276	37.466442	-575.4325	-21.071115	89.98428	36.15474	-574.0948	19.7296	163.96735	1428.967410326004
33	-25.788864	23.474966	-0.9166642	-98.25047	-39.532906	56.421997	-0.1514601	-383.47647	200.0	200.0	131999	-21.91018	87.711914	32.873775	-580.7849	-21.913498	87.718124	33.64945	-581.8333	20.729645	149.52332	1473.9163358211517
34	-26.395123	18.08965	-1.3898574	-66.42754	-33.57637	45.81535	-0.3652499	-379.04214	200.0	200.0	135999	-22.619888	86.87137	32.046597	-596.43524	-22.621572	86.89094	33.486652	-597.82983	21.530476	126.779045	1519.120110988617
35	-26.373623	14.712564	-0.74972785	-64.01909	-31.689363	54.94658	-0.13486342	-383.3953	200.0	200.0	139999	-23.159077	85.99889	32.84086	-605.75684	-23.160025	86.00729	33.031235	-608.75476	22.070618	120.73484	1564.0130126476288
36	-27.920572	22.877728	-0.66179436	-76.421005	-35.531815	32.355476	-0.2426466	-165.21036	200.0	200.0	143999	-23.717468	85.84322	32.4717	-609.9936	-23.720236	85.86542	32.230457	-614.08923	22.558262	137.80522	1608.9495866298676
37	-30.982391	33.979202	-1.4645864	-157.68015	-41.202217	65.60679	-0.35075542	-381.6584	200.0	200.0	147999	-24.426994	84.56665	30.526232	-606.30774	-24.428482	84.577774	30.475142	-607.3889	23.306234	121.82712	1654.0220425128937
38	-32.114113	26.170515	-0.2369165	-88.948555	-34.716183	55.181942	-0.7354753	-382.1219	200.0	200.0	151999	-24.141325	81.72041	30.87476	-604.1102	-24.14206	81.72566	31.149874	-608.428	23.143562	109.75716	1699.0350115299225
39	-48.72929	84.74035	-1.682117	-382.69077	-31.326767	27.091347	-0.149187	-166.06638	200.0	200.0	155999	-25.024055	82.24824	29.541016	-618.44904	-25.021715	82.23651	27.586843	-619.7783	23.830797	103.01081	1743.6305649280548
40	-26.252544	21.786219	-0.2833853	-79.58034	-38.680634	57.121616	-0.34878543	-383.0621	200.0	200.0	159999	-25.771648	83.150894	24.531372	-614.1543	-25.775906	83.1731	25.992596	-618.5832	24.790594	109.933334	1788.6104197502136
41	-30.542501	32.980865	-1.3074927	-149.80475	-33.579063	44.317688	-0.34801483	-383.62134	200.0	200.0	163999	-25.026497	82.01763	25.644127	-617.8249	-25.023672	82.00412	24.51877	-619.0049	24.069366	97.48261	1833.3314549922943
42	-32.508766	22.982494	-1.2971741	-87.54325	-41.430458	66.31044	-0.5482996	-383.70496	200.0	200.0	167999	-24.798225	81.81457	26.140656	-627.5199	-24.79813	81.81443	27.75296	-624.68317	23.576082	115.2988	1878.4155445098877
43	-28.940632	22.307312	-1.8087702	-89.77784	-34.091312	42.756916	-1.2753658	-379.22464	200.0	200.0	171999	-24.242563	81.285576	23.141533	-632.5248	-24.241085	81.27899	24.114544	-633.9903	23.285805	95.42234	1923.2659511566162
44	-33.825375	25.802408	-10.289085	-98.40836	-31.842724	44.839775	-0.9763583	-383.05762	200.0	200.0	175999	-24.273523	81.19216	21.885958	-636.5583	-24.274477	81.19467	21.978619	-636.23883	23.209234	93.69408	1967.7623839378357
45	-37.637222	32.696247	-2.3280594	-127.02773	-30.81918	26.579838	-1.0623184	-124.728966	200.0	200.0	179999	-23.616137	81.16294	26.686728	-640.19	-23.613953	81.15866	25.29459	-642.4702	22.464725	104.34062	2012.905489206314
46	-37.83326	28.893032	-1.0863854	-112.98481	-31.625395	29.589495	-1.2615609	-155.35493	200.0	200.0	183999	-23.247492	79.76446	22.341354	-641.17413	-23.249115	79.777084	20.726334	-644.0613	22.291082	93.68169	2057.9158074855804
47	-26.854761	19.385109	-1.0352265	-68.321236	-38.79055	55.310806	-1.0105196	-381.42935	200.0	200.0	187999	-23.092102	79.49735	23.614475	-643.52026	-23.09128	79.49354	24.40192	-643.3382	22.362696	86.6439	2102.7034254074097
48	-23.396393	19.001646	-1.2966516	-65.97905	-37.212692	54.719437	-1.3724827	-382.3694	200.0	200.0	191999	-23.149172	78.54311	21.971352	-643.75726	-23.14851	78.539085	19.516014	-646.8339	22.35463	99.10074	2148.0695855617523
49	-23.37171	23.501047	-1.1302991	-90.01253	-39.672016	65.24034	-1.3145527	-381.85632	200.0	200.0	195999	-22.62519	76.96443	22.72543	-647.9524	-22.623953	76.956894	20.920664	-650.5749	21.74505	92.131325	2193.018082380295
50	-22.464851	18.279465	-1.3120221	-68.32957	-33.412334	43.222137	-0.37057403	-383.46924	200.0	200.0	199999	-22.766054	76.398	18.62449	-643.99316	-22.768162	76.419685	19.525131	-643.35254	21.957537	100.894714	2237.939692735672
51	-73.79198	108.4947	-3.040925	-383.47955	-33.84337	42.52073	-0.56536937	-383.60233	200.0	200.0	203999	-23.763226	77.935715	21.368149	-636.721	-23.761482	77.92714	19.35042	-637.9818	23.136374	99.21423	2282.4744067192078
52	-38.116737	23.65846	-0.44367844	-90.056145	-44.78267	80.35127	-0.43968847	-383.6684	200.0	200.0	207999	-24.5625	78.66256	17.883453	-635.7737	-24.561655	78.66232	16.924885	-638.5033	24.03992	89.84488	2326.8714826107025
53	-25.376154	18.426558	-3.32827	-85.50101	-36.420956	43.829254	-0.47922793	-380.35452	200.0	200.0	211999	-24.667538	78.13333	21.583328	-635.5797	-24.666563	78.12958	19.025732	-636.8905	23.930214	85.595345	2371.2712485790253
54	-22.805895	24.78184	-1.4478198	-109.17755	-41.50575	66.01151	-0.85448706	-383.15015	200.0	200.0	215999	-24.50223	76.774414	17.321627	-640.98425	-24.502937	76.78394	15.819938	-644.52924	23.684242	95.562065	2416.174802303314
55	-27.32082	26.372414	-1.8392493	-118.03482	-37.281654	65.28539	-0.6184615	-383.16168	200.0	200.0	219999	-24.466408	76.59181	14.414863	-639.49713	-24.466116	76.59485	15.132106	-640.0141	23.702835	83.564514	2461.1111857891083
56	-29.674555	25.892622	-4.1272774	-85.05483	-33.70442	42.94423	-0.89806867	-383.83835	200.0	200.0	223999	-23.909733	76.14427	18.759296	-639.0002	-23.909918	76.14397	16.161644	-641.26556	23.211092	81.49155	2505.913811683655
57	-62.829613	101.13379	-15.184081	-379.67075	-43.329185	65.70936	-0.83688736	-383.08426	200.0	200.0	227999	-24.05647	77.20082	13.907354	-640.4733	-24.056746	77.199005	16.499313	-641.3684	23.318707	84.168076	2551.086871623993
58	-44.882103	80.141685	-2.2640676	-382.36685	-36.523037	64.82147	-0.71925545	-383.73053	200.0	200.0	231999	-24.06084	78.9838	15.763705	-632.5677	-24.061384	78.98867	14.534822	-634.71246	23.390862	94.494	2596.1008954048157
59	-32.844303	28.593958	-1.1158843	-86.4052	-31.414135	43.277733	-1.2131381	-383.06915	200.0	200.0	235999	-23.521608	79.04056	15.474088	-635.0341	-23.521177	79.04338	13.814087	-632.4099	22.532375	75.733345	2640.971276283264
60	-29.907944	27.420395	-0.8494954	-108.06722	-47.21242	73.50109	-0.80391884	-383.66055	200.0	200.0	239999	-23.15897	78.29531	19.96971	-630.7387	-23.158712	78.29263	16.381704	-631.6258	22.565887	99.08214	2685.461959838867
61	-29.518991	19.307697	-2.657507	-84.73098	-31.732494	28.080233	-1.0810088	-122.06782	200.0	200.0	243999	-22.86675	77.819336	15.674539	-627.871	-22.865734	77.81365	16.215044	-628.692	22.262533	78.37448	2730.4650547504425
62	-27.345129	22.371767	-1.5473136	-87.32857	-39.532166	56.233215	-1.0040777	-383.80258	200.0	200.0	247999	-22.243027	76.37095	18.673347	-625.7089	-22.240974	76.362305	15.493563	-627.8522	21.66269	79.545845	2775.0300357341766
63	-46.24967	36.55503	-8.151033	-151.1957	-39.155228	72.95069	-0.6271688	-383.79114	200.0	200.0	251999	-22.092043	76.24149	14.352251	-624.2914	-22.093557	76.248344	13.885517	-625.61566	21.367785	81.96202	2819.9035789966583
64	-56.859173	80.781975	-4.7697153	-382.17133	-29.308617	26.852308	-1.0831723	-126.780205	200.0	200.0	255999	-22.19034	76.5311	16.773298	-622.0336	-22.190636	76.535286	15.797481	-625.1048	21.393429	67.1239	2864.4700317382812
65	-30.09081	29.838333	-1.9653922	-116.77337	-37.55714	45.627205	-0.93871504	-382.7754	200.0	200.0	259999	-22.144224	76.7266	18.603472	-621.99347	-22.146465	76.7422	15.228987	-621.23944	21.340504	78.27039	2909.271001815796
66	-36.13415	34.883343	-2.0067875	-107.56636	-36.820736	56.069927	-1.0368444	-381.3125	200.0	200.0	263999	-22.154064	76.15887	16.808632	-621.79663	-22.154768	76.16755	14.862132	-625.81445	21.550488	64.61399	2953.544642686844
67	-31.547009	25.201328	-1.2236388	-101.062454	-34.07509	45.1476	-1.0811324	-382.17422	200.0	200.0	267999	-22.312637	76.46614	17.237656	-620.52527	-22.31115	76.4584	16.91151	-619.0134	21.615364	87.39559	2998.431208372116
68	-30.518066	24.304644	-1.2982376	-87.54647	-41.32254	65.51503	-1.0361668	-383.68082	200.0	200.0	271999	-21.886057	74.81741	16.881598	-615.75275	-21.883293	74.804756	15.0364895	-613.6526	21.370173	89.395874	3043.3509924411774
69	-44.53933	81.4658	-0.98508304	-383.12473	-30.56824	24.818102	-0.9907034	-162.18742	200.0	200.0	275999	-21.99206	74.87494	15.924673	-605.3011	-21.990965	74.868645	13.525945	-605.8334	21.465002	79.94777	3088.3231630325317
70	-59.633648	108.54111	-1.0070344	-383.97617	-37.90773	64.51341	-1.1786064	-380.96356	200.0	200.0	279999	-22.200123	75.1305	13.498579	-596.9663	-22.19873	75.12393	12.568568	-598.0898	21.70582	75.11233	3133.360097885132
71	-47.039112	83.43316	-1.1396571	-383.83545	-32.50107	54.964798	-0.5547552	-383.10507	200.0	200.0	283999	-22.446606	76.08315	13.536639	-593.4081	-22.445637	76.07248	13.061505	-591.7739	21.936	75.11675	3178.2497515678406
72	-46.00356	82.91496	-0.7114662	-383.6713	-36.22318	45.414684	-0.6158879	-382.2332	200.0	200.0	287999	-23.317587	77.88213	13.747787	-592.44507	-23.316122	77.87793	13.956974	-592.54297	22.474102	82.57516	3223.45787525177
73	-38.250576	80.28216	-1.0974647	-382.8165	-31.487791	43.632545	-0.7479728	-383.40414	200.0	200.0	291999	-23.13396	77.21378	14.934303	-586.2047	-23.133722	77.21142	12.010932	-588.03094	22.506716	77.65171	3267.587681531906
74	-30.78352	23.127697	-2.1908965	-106.46909	-29.2057	28.939348	-0.81095433	-159.59802	200.0	200.0	295999	-23.82555	78.01248	14.738667	-576.5114	-23.824312	78.00286	14.415298	-576.1852	23.278011	81.888626	3312.1044628620148
75	-48.163643	80.27067	-1.1951457	-378.95865	-40.457016	65.07089	-0.63143957	-382.40378	200.0	200.0	299999	-23.343847	76.309555	12.586887	-575.66473	-23.342798	76.30344	11.88537	-572.27625	22.744602	87.02593	3357.5778176784515
76	-20.913761	18.122704	-1.3420643	-56.43654	-32.94961	27.470243	-0.95118505	-137.8697	200.0	200.0	303999	-23.970543	76.86648	10.947556	-568.8606	-23.969135	76.856514	11.705762	-569.6976	23.376684	75.138435	3402.876800060272
77	-24.168344	20.569288	-1.0786804	-74.76904	-42.599606	72.96809	-0.8410665	-383.84027	200.0	200.0	307999	-23.795372	75.816925	12.001429	-566.2391	-23.795898	75.82062	11.379164	-565.34015	23.19513	63.68743	3447.764979124069
78	-21.338963	17.501945	-0.9593998	-65.10542	-32.576656	55.753582	-0.8997107	-383.72635	200.0	200.0	311999	-23.693157	75.38748	12.985392	-561.91205	-23.691725	75.380394	10.781981	-563.9235	23.21033	68.2085	3492.7754831314087
79	-25.635021	15.518554	-1.418436	-61.587692	-34.757927	55.719315	-0.9374908	-379.7332	200.0	200.0	315999	-23.295977	74.26651	13.65736	-557.3217	-23.294308	74.25129	12.095647	-557.62427	22.948782	71.68329	3537.835032224655
80	-33.06334	26.466713	-1.0313514	-92.025536	-38.781807	55.04709	-0.9136536	-380.9123	200.0	200.0	319999	-23.4617	74.50797	11.097831	-560.02747	-23.461622	74.50286	10.787722	-558.7984	22.927813	69.58584	3581.760684967041
81	-35.84479	24.674393	-1.018296	-83.24774	-33.34051	40.71314	-0.8410026	-379.30576	200.0	200.0	323999	-23.34763	73.39547	11.211662	-545.9368	-23.347315	73.39676	11.795174	-546.4798	22.900238	68.75842	3626.8656706809998
82	-58.894554	85.42413	-6.0354524	-384.10217	-42.182228	67.028305	-0.18166842	-383.8279	200.0	200.0	327999	-23.53321	73.604965	10.685179	-545.88617	-23.533533	73.60755	10.537624	-551.91125	23.050196	65.57797	3671.9681510925293
83	-53.459797	79.22837	-2.849538	-378.25357	-37.315155	56.73747	-0.68813473	-381.80194	200.0	200.0	331999	-23.831808	73.9119	12.47352	-547.24243	-23.831543	73.90847	10.7921715	-547.58075	23.380585	61.028023	3716.7093811035156
84	-65.05153	108.47221	-1.2451795	-384.32877	-34.20814	46.320225	-0.5986838	-379.23804	200.0	200.0	335999	-24.375608	75.38269	10.1523	-545.57983	-24.376825	75.38915	9.375586	-544.96796	23.934486	63.56308	3761.580189228058
85	-50.186413	81.53027	-0.7977586	-382.34583	-46.50474	80.65353	-0.53523946	-383.62286	200.0	200.0	339999	-24.74771	76.08641	11.642169	-543.5569	-24.747627	76.08164	10.402416	-545.70087	24.124622	70.68512	3807.014353990555
86	-35.053837	37.9439	-1.08921	-126.64386	-43.08949	55.909893	-0.55237585	-382.15286	200.0	200.0	343999	-25.017006	76.28806	10.471231	-540.7536	-25.017654	76.29191	9.287325	-545.1162	24.57477	69.44136	3852.333615541458
87	-63.177876	80.06472	-0.7800253	-384.27383	-40.437416	56.912743	-0.6467524	-383.5655	200.0	200.0	347999	-25.131418	76.0424	13.19385	-542.239	-25.131466	76.04532	9.502709	-542.6129	24.543587	67.82397	3897.1429812908173
88	-29.006298	28.707354	-2.6268861	-148.12836	-35.554165	55.52654	-0.3979309	-383.6699	200.0	200.0	351999	-25.119768	75.95981	10.140004	-539.5507	-25.119137	75.952896	10.072763	-539.13544	24.755928	73.68267	3942.0153963565826
89	-25.860788	26.625515	-0.5825467	-114.01488	-30.743277	26.648548	-0.5267758	-140.35062	200.0	200.0	355999	-24.879765	75.56715	13.067734	-534.0121	-24.878735	75.56155	9.598513	-535.4506	24.567715	64.87811	3986.4674122333527
90	-53.6008	79.8547	-0.54064256	-383.3292	-37.493713	55.495777	-0.6755101	-383.66125	200.0	200.0	359999	-24.802462	75.29281	9.488937	-530.026	-24.801205	75.28815	10.25858	-531.7512	24.252316	78.82945	4031.4083790779114
91	-49.594505	79.72792	-2.3617997	-379.9366	-48.67428	88.149414	-0.40132716	-383.7972	200.0	200.0	363999	-24.787428	75.39053	10.199756	-522.8068	-24.787693	75.39194	9.254408	-526.22864	24.362337	55.177	4076.4553740024567
92	-44.944916	80.24722	-2.5221784	-382.34613	-36.06367	55.22179	-0.6539681	-380.25775	200.0	200.0	367999	-25.113405	76.73431	8.949914	-523.5673	-25.114084	76.73969	8.472007	-526.2474	24.694157	59.46435	4121.349592447281
93	-31.236393	23.982592	-1.7958975	-85.59367	-34.346676	54.034702	-0.8472882	-381.31473	200.0	200.0	371999	-24.36383	75.324684	8.87899	-523.2746	-24.362856	75.32132	9.032698	-523.48883	23.96469	74.58561	4166.07445025444
94	-45.95901	82.43697	-1.1710603	-380.2556	-43.019604	65.05513	-0.76891345	-382.08267	200.0	200.0	375999	-24.483597	75.681305	12.059515	-520.267	-24.48496	75.69109	9.686604	-522.47455	24.108835	61.033745	4211.004953861237
95	-49.3066	80.054214	-0.7934133	-382.96188	-32.319687	42.67614	-0.73623204	-379.537	200.0	200.0	379999	-24.547405	76.69457	10.171034	-523.994	-24.545828	76.685936	9.200421	-525.2215	23.983719	61.462708	4255.877883911133
96	-30.970648	29.32562	-0.63012975	-123.42027	-44.803604	73.40677	-0.6971082	-383.40292	200.0	200.0	383999	-24.431183	76.61218	8.591765	-520.9713	-24.43064	76.6105	9.253472	-521.5791	23.960182	67.40044	4300.573313713074
97	-37.09128	28.637316	-4.652807	-92.58129	-36.291447	55.906094	-0.3426175	-381.5797	200.0	200.0	387999	-24.01149	75.4047	8.766933	-518.33295	-24.011097	75.40663	9.986057	-520.4858	23.593378	86.553345	4345.74613404274
98	-17.203156	14.296063	-0.5101266	-56.879623	-36.725475	55.293068	-0.49529746	-382.62146	200.0	200.0	391999	-23.575544	74.65593	10.018009	-512.61896	-23.575855	74.659065	7.6319623	-511.93967	23.003414	74.54641	4390.973397016525
99	-35.651665	39.435455	-0.62853307	-127.74155	-31.144262	40.102585	-0.6023579	-378.49182	200.0	200.0	395999	-23.621437	74.384285	8.315729	-507.22607	-23.62314	74.39309	8.43942	-510.42264	23.277554	62.07355	4435.969239234924
100	-35.1516	81.09993	-1.026795	-383.15103	-35.870857	64.755745	-0.6268124	-383.67157	200.0	200.0	399999	-23.499346	74.11051	8.861248	-509.26373	-23.499584	74.11202	9.3124275	-510.41284	22.920074	55.038147	4481.038581132889
